


















0.0134435,-0.00460487,0.999774,-0.015788,0.00478254,-0.00446794,0.999853,-0.0158273,-0.00358674,-0.00011801,0.998441,-0.0557073,0,0,0,0,0.0554184,0.736993,-0.673601,-0.00560821,-0.032521,0.83453,-0.162281,-0.525516,-0.126096,0.894315,-0.105743,0.416076,-0.266254,0.858063,-0.0431205,0.437009,0.0510427,0.745722,0.664299,8.87423e-005,-0.0267991,0.746856,0.140796,0.649357,-0.183023,0.880709,0.00256782,0.436861,-0.209294,0.873974,-0.150802,0.411855,0.159278,-0.644066,0.731187,-0.158667,-0.0610063,0.713698,-0.0215569,-0.697458,0.0520644,0.712184,-0.0547504,-0.697916,0,0,0,0,-0.12678,0.658278,0.729178,-0.137466,-0.00188712,0.697303,0.0700263,0.713345,0.0387151,0.807767,0.064845,0.584644,0,0,0,0,-0.00377571,-0.00245018,0.999424,-0.0336483,0,0,0,0,0,0,0,0,0,0,0,0,0,0,0,0,
0.0138552,-0.00479694,0.999767,-0.0158517,0.00503505,-0.00465692,0.99985,-0.0158934,-0.00349949,-0.000579886,0.998438,-0.0557538,0,0,0,0,0.0554472,0.737097,-0.673485,-0.00559801,-0.0331103,0.834232,-0.16141,-0.52622,-0.128675,0.905339,-0.102635,0.391498,-0.291733,0.861449,-0.039241,0.413833,0.0512025,0.745713,0.664296,0.000228758,-0.0271277,0.744475,0.13981,0.652284,-0.183928,0.847819,-0.00983732,0.49727,-0.215893,0.837255,-0.176755,0.470267,0.159433,-0.644177,0.731019,-0.158833,-0.0609629,0.713983,-0.0219338,-0.697159,0.0512681,0.713745,-0.0547808,-0.696376,0,0,0,0,-0.12637,0.658154,0.729408,-0.137213,0.000326949,0.696991,0.0703738,0.713618,0.0379184,0.806566,0.0643355,0.586408,0,0,0,0,-0.00368246,-0.00270314,0.999423,-0.0336602,0,0,0,0,0,0,0,0,0,0,0,0,0,0,0,0,
0.013105,-0.00510196,0.999779,-0.0156069,0.00464145,-0.00496967,0.999854,-0.0156495,-0.00353027,-0.000907822,0.99844,-0.0557119,0,0,0,0,0.0554607,0.737033,-0.673553,-0.00567178,-0.0335711,0.833622,-0.160791,-0.527345,-0.129265,0.911067,-0.101377,0.378113,-0.308467,0.860125,-0.0270683,0.40534,0.0511868,0.745598,0.664427,0.000275501,-0.0269346,0.74244,0.139381,0.654699,-0.18407,0.80499,-0.024984,0.563458,-0.202249,0.791685,-0.199107,0.541006,0.159176,-0.644531,0.730894,-0.15823,-0.0607877,0.71346,-0.0219155,-0.69771,0.0511017,0.714021,-0.0549547,-0.696091,0,0,0,0,-0.126932,0.65791,0.729475,-0.137511,-1.58816e-005,0.697508,0.0706881,0.713082,0.039987,0.804038,0.0598028,0.59021,0,0,0,0,-0.00370495,-0.00283181,0.999424,-0.0336182,0,0,0,0,0,0,0,0,0,0,0,0,0,0,0,0,
0.0127923,-0.00519671,0.999784,-0.0155616,0.00447645,-0.0050671,0.999855,-0.0156043,-0.00354099,-0.000928089,0.998441,-0.0556929,0,0,0,0,0.0554517,0.736992,-0.673599,-0.00570116,-0.0342641,0.833821,-0.159921,-0.527251,-0.12263,0.889939,-0.108227,0.425744,-0.30308,0.840638,-0.0478056,0.446302,0.0511658,0.745608,0.664417,0.00028754,-0.0268832,0.740642,0.139061,0.656802,-0.185116,0.779514,-0.0342564,0.597425,-0.19164,0.76653,-0.206243,0.577209,0.159062,-0.644511,0.730986,-0.158002,-0.0608974,0.713227,-0.0219685,-0.697937,0.0508189,0.713488,-0.055171,-0.696641,0,0,0,0,-0.127097,0.658007,0.729325,-0.137691,-0.00109093,0.697729,0.0706542,0.712868,0.0429225,0.812342,0.0573009,0.57877,0,0,0,0,-0.00371762,-0.00287147,0.999425,-0.0335929,0,0,0,0,0,0,0,0,0,0,0,0,0,0,0,0,
0.0125691,-0.00531634,0.999788,-0.015422,0.00440516,-0.00519024,0.999857,-0.0154649,-0.00346754,-0.00135806,0.998473,-0.0551252,0,0,0,0,0.0546607,0.737287,-0.673342,-0.00549059,-0.0344026,0.833475,-0.159825,-0.527818,-0.123414,0.892457,-0.107775,0.420326,-0.299552,0.843769,-0.0421791,0.443332,0.0504725,0.74576,0.6643,0.000203516,-0.0269567,0.740022,0.138702,0.657573,-0.188272,0.874826,0.000112523,0.446356,-0.211078,0.867714,-0.160188,0.420546,0.159045,-0.644586,0.730974,-0.157767,-0.059677,0.713186,-0.023493,-0.698035,0.0522847,0.713448,-0.0547192,-0.696609,0,0,0,0,-0.127287,0.657949,0.729336,-0.137733,-0.000876691,0.697879,0.0708988,0.712697,0.0414157,0.811046,0.0567876,0.580744,0,0,0,0,-0.00364189,-0.00317284,0.999437,-0.0331954,0,0,0,0,0,0,0,0,0,0,0,0,0,0,0,0,
0.0122331,-0.00543623,0.99979,-0.0154981,0.00445046,-0.00531543,0.999855,-0.0155399,-0.00303421,-0.00140544,0.998473,-0.0551422,0,0,0,0,0.0547089,0.737235,-0.673396,-0.00545744,-0.0347565,0.833644,-0.159316,-0.527681,-0.127245,0.9085,-0.102801,0.384537,-0.293757,0.862968,-0.0329398,0.409765,0.0511025,0.74558,0.664453,0.000812354,-0.0272448,0.73886,0.138049,0.659003,-0.187221,0.801044,-0.0272478,0.567921,-0.191944,0.792343,-0.186848,0.548122,0.158828,-0.644524,0.731118,-0.157569,-0.0603583,0.712886,-0.0239763,-0.698266,0.0522449,0.714138,-0.0539305,-0.695966,0,0,0,0,-0.127374,0.657967,0.729257,-0.137985,-0.000386811,0.698114,0.0701855,0.712539,0.0413396,0.81131,0.0584312,0.580219,0,0,0,0,-0.00320916,-0.00322255,0.999438,-0.0332154,0,0,0,0,0,0,0,0,0,0,0,0,0,0,0,0,
0.0118344,-0.00576717,0.999793,-0.0155253,0.00428917,-0.00564985,0.999854,-0.0155683,-0.00294627,-0.00158796,0.99847,-0.0552037,0,0,0,0,0.0547429,0.737222,-0.673407,-0.00546266,-0.0353887,0.831978,-0.158921,-0.530381,-0.119364,0.876345,-0.113636,0.452613,-0.303082,0.82355,-0.0427835,0.477574,0.0512654,0.745574,0.664447,0.000956336,-0.0274136,0.738923,0.137867,0.658965,-0.189323,0.871787,-0.00124635,0.451821,-0.218641,0.863539,-0.162607,0.424331,0.158647,-0.644589,0.731165,-0.157272,-0.0607047,0.71256,-0.0240141,-0.698567,0.0513605,0.714522,-0.0529381,-0.695714,0,0,0,0,-0.127492,0.657924,0.729217,-0.138291,0.00128305,0.698382,0.067582,0.712526,0.0418177,0.819645,0.0612721,0.568048,0,0,0,0,-0.00311773,-0.00330577,0.999438,-0.0332261,0,0,0,0,0,0,0,0,0,0,0,0,0,0,0,0,
0.0114205,-0.00591196,0.999796,-0.0155923,0.0042442,-0.0057999,0.999852,-0.0156344,-0.00261295,-0.00166503,0.998469,-0.0552263,0,0,0,0,0.0546837,0.737223,-0.673412,-0.00530516,-0.0355419,0.831842,-0.158553,-0.530695,-0.117902,0.882883,-0.112153,0.440499,-0.287373,0.834777,-0.0331918,0.468469,0.0516631,0.745625,0.664358,0.00129161,-0.0276346,0.740004,0.137865,0.657742,-0.186693,0.806513,-0.0253686,0.560391,-0.177031,0.799542,-0.182597,0.544106,0.1584,-0.644523,0.731331,-0.15702,-0.0610875,0.712228,-0.024025,-0.698872,0.0520359,0.714546,-0.0559616,-0.695402,0,0,0,0,-0.127635,0.657947,0.729113,-0.1386,0.000984943,0.698671,0.0675655,0.712245,0.0448771,0.841468,0.0615773,0.534907,0,0,0,0,-0.00278826,-0.00341788,0.999437,-0.0332737,0,0,0,0,0,0,0,0,0,0,0,0,0,0,0,0,
0.0115486,-0.00611354,0.999793,-0.0156021,0.00427551,-0.00599988,0.99985,-0.0156462,-0.00267368,-0.00181399,0.998466,-0.0552743,0,0,0,0,0.0547098,0.737213,-0.673421,-0.00532527,-0.0357252,0.831877,-0.158144,-0.530749,-0.120205,0.89278,-0.1094,0.420151,-0.305858,0.839509,-0.0336265,0.447823,0.0516152,0.745639,0.664347,0.00122917,-0.0279164,0.739114,0.137875,0.658727,-0.190606,0.883929,0.00341458,0.426997,-0.214559,0.876909,-0.156349,0.400688,0.158528,-0.644483,0.731336,-0.157028,-0.061391,0.712279,-0.0237702,-0.698803,0.05181,0.714182,-0.0566272,-0.695739,0,0,0,0,-0.127484,0.658028,0.729066,-0.138596,0.00109764,0.698569,0.0672918,0.712371,0.043142,0.831306,0.0627647,0.550573,0,0,0,0,-0.00284626,-0.00348494,0.999436,-0.0332815,0,0,0,0,0,0,0,0,0,0,0,0,0,0,0,0,
0.0110921,-0.00609361,0.999797,-0.0156483,0.00397737,-0.0059821,0.999851,-0.0156913,-0.00281237,-0.00179598,0.998464,-0.0552989,0,0,0,0,0.0548911,0.737261,-0.673352,-0.00545423,-0.0356277,0.831095,-0.158304,-0.531932,-0.116477,0.883431,-0.112543,0.439678,-0.301873,0.829735,-0.0333212,0.468298,0.0516082,0.745682,0.664299,0.00115037,-0.0281246,0.739087,0.137714,0.658782,-0.18899,0.800168,-0.0288425,0.56849,-0.183522,0.792105,-0.188723,0.550702,0.158095,-0.644257,0.731719,-0.15661,-0.0596805,0.712124,-0.0249592,-0.699067,0.0539365,0.713094,-0.0642244,-0.696034,0,0,0,0,-0.127566,0.65817,0.72889,-0.138773,0.00108161,0.698895,0.0673681,0.712044,0.0397625,0.805082,0.0639674,0.588363,0,0,0,0,-0.002986,-0.003483,0.999434,-0.0333172,0,0,0,0,0,0,0,0,0,0,0,0,0,0,0,0,
0.0114552,-0.00622415,0.999792,-0.0156803,0.00428567,-0.00611155,0.999848,-0.0157245,-0.00255584,-0.00196246,0.998465,-0.055294,0,0,0,0,0.0549337,0.737489,-0.6731,-0.00543674,-0.0358805,0.830597,-0.157616,-0.532896,-0.114246,0.878531,-0.114109,0.449566,-0.304582,0.82204,-0.0297374,0.480205,0.0519866,0.745662,0.664292,0.00151596,-0.0282768,0.738262,0.137102,0.659827,-0.191043,0.828307,-0.0194407,0.526339,-0.198517,0.820213,-0.181911,0.504728,0.158283,-0.644257,0.731646,-0.156759,-0.0588583,0.712446,-0.0248037,-0.698814,0.0564846,0.713952,-0.0618391,-0.695167,0,0,0,0,-0.127244,0.658226,0.728931,-0.138588,0.000830289,0.698632,0.0671694,0.712321,0.0394933,0.801256,0.0643835,0.593535,0,0,0,0,-0.00273199,-0.00364035,0.999434,-0.0333236,0,0,0,0,0,0,0,0,0,0,0,0,0,0,0,0,
0.0114186,-0.00625287,0.999792,-0.0156876,0.00424517,-0.00614015,0.999848,-0.0157321,-0.0025968,-0.00193213,0.998462,-0.0553434,0,0,0,0,0.0551101,0.737487,-0.673086,-0.00557903,-0.0358384,0.830655,-0.157344,-0.532889,-0.108181,0.855467,-0.119392,0.492158,-0.303991,0.797574,-0.0396025,0.519516,0.0520988,0.745557,0.6644,0.00159423,-0.0284146,0.738541,0.137105,0.659509,-0.191895,0.901618,0.0110681,0.387476,-0.238669,0.892384,-0.14571,0.354199,0.158324,-0.643955,0.73192,-0.156682,-0.0589713,0.712412,-0.0252359,-0.698824,0.0573296,0.713707,-0.0625082,-0.69529,0,0,0,0,-0.127229,0.6584,0.728764,-0.138655,0.000657783,0.698657,0.0672199,0.712292,0.0362907,0.771931,0.0653614,0.631295,0,0,0,0,-0.0027748,-0.00363912,0.999434,-0.0333396,0,0,0,0,0,0,0,0,0,0,0,0,0,0,0,0,
0.0113473,-0.00624815,0.999794,-0.0156211,0.00429054,-0.00613774,0.999849,-0.0156648,-0.0024314,-0.00189982,0.998466,-0.0552814,0,0,0,0,0.0551049,0.7376,-0.672962,-0.00559442,-0.0360041,0.829565,-0.156506,-0.534818,-0.114385,0.87863,-0.114379,0.449269,-0.314519,0.818733,-0.032431,0.479273,0.0523077,0.745575,0.664364,0.00184896,-0.0303649,0.743047,0.136988,0.654365,-0.188286,0.824096,-0.0205269,0.533847,-0.212025,0.814956,-0.176615,0.509606,0.158431,-0.643621,0.732212,-0.15658,-0.0596464,0.7123,-0.0250322,-0.698888,0.0529484,0.715351,-0.0495927,-0.69499,0,0,0,0,-0.127311,0.658685,0.728476,-0.138737,-0.00150639,0.698709,0.0690037,0.712069,0.0475339,0.870115,0.0544327,0.487522,0,0,0,0,-0.00261349,-0.00367496,0.999435,-0.0333038,0,0,0,0,0,0,0,0,0,0,0,0,0,0,0,0,
0.0116722,-0.006292,0.999794,-0.0153507,0.00447597,-0.00618135,0.999852,-0.0153956,-0.00238738,-0.00201391,0.998496,-0.054736,0,0,0,0,0.054089,0.737718,-0.672918,-0.00527265,-0.0361932,0.830039,-0.156703,-0.534012,-0.116455,0.887402,-0.112025,0.431748,-0.301192,0.832265,-0.0223878,0.464885,0.0513136,0.745296,0.664754,0.00159964,-0.03074,0.743476,0.13686,0.653886,-0.18854,0.826043,-0.0200664,0.530757,-0.201171,0.819523,-0.168752,0.509347,0.158825,-0.643234,0.732496,-0.156444,-0.0597942,0.712517,-0.0254346,-0.69864,0.0528464,0.715463,-0.0494425,-0.694892,0,0,0,0,-0.127164,0.65907,0.728221,-0.138386,-0.00102572,0.698474,0.0686834,0.712331,0.0465201,0.867579,0.0552618,0.492025,0,0,0,0,-0.00257143,-0.00380054,0.99945,-0.0328519,0,0,0,0,0,0,0,0,0,0,0,0,0,0,0,0,
0.0115575,-0.00636153,0.999794,-0.0154287,0.00443892,-0.00625152,0.999851,-0.0154736,-0.00234215,-0.00204953,0.998492,-0.054807,0,0,0,0,0.0541717,0.737832,-0.672787,-0.00525693,-0.0361665,0.828823,-0.156113,-0.536072,-0.116533,0.890071,-0.111833,0.426248,-0.323224,0.825721,-0.0186309,0.461915,0.0514436,0.74521,0.664841,0.00165106,-0.0317171,0.746525,0.136862,0.650357,-0.187165,0.858896,-0.00732042,0.476668,-0.234384,0.848388,-0.160914,0.446552,0.158738,-0.643118,0.732629,-0.156383,-0.0594494,0.712462,-0.0252153,-0.698732,0.0506656,0.715022,-0.0527001,-0.695269,0,0,0,0,-0.127139,0.659211,0.728067,-0.138547,-0.000914594,0.698554,0.0681865,0.712301,0.047627,0.881869,0.0538694,0.465979,0,0,0,0,-0.00252892,-0.00386005,0.999448,-0.0329095,0,0,0,0,0,0,0,0,0,0,0,0,0,0,0,0,
0.0114033,-0.00638544,0.999797,-0.0153669,0.00440604,-0.00627774,0.999852,-0.0154113,-0.00225018,-0.00206626,0.998495,-0.0547581,0,0,0,0,0.0539614,0.737812,-0.672827,-0.00510496,-0.0362417,0.828652,-0.155829,-0.536414,-0.116562,0.886898,-0.11269,0.43258,-0.295013,0.834699,-0.0261226,0.464287,0.0513549,0.745195,0.664864,0.00163445,-0.032251,0.744019,0.136701,0.653229,-0.186071,0.773168,-0.0366817,0.60518,-0.188238,0.766211,-0.178937,0.587766,0.158739,-0.642992,0.732769,-0.156246,-0.0597719,0.712326,-0.025467,-0.698835,0.049887,0.714872,-0.0529702,-0.69546,0,0,0,0,-0.127273,0.659366,0.727881,-0.138659,-0.000119555,0.698658,0.0683678,0.712182,0.0494796,0.867148,0.0529365,0.492751,0,0,0,0,-0.00244011,-0.00391686,0.999449,-0.0328747,0,0,0,0,0,0,0,0,0,0,0,0,0,0,0,0,
0.0113613,-0.00644024,0.999797,-0.0153349,0.00440696,-0.00633342,0.999852,-0.0153794,-0.00220494,-0.00216335,0.998497,-0.0547276,0,0,0,0,0.0538929,0.737897,-0.672739,-0.00506824,-0.03638,0.828111,-0.155316,-0.537388,-0.117067,0.891073,-0.111826,0.424003,-0.314942,0.83224,-0.0288891,0.455362,0.0513107,0.744743,0.665374,0.00167127,-0.0324147,0.743113,0.136351,0.654324,-0.189064,0.81591,-0.0228776,0.545915,-0.207114,0.807071,-0.180774,0.522552,0.158826,-0.642808,0.732924,-0.15619,-0.0600171,0.71227,-0.0251478,-0.698883,0.0487914,0.714197,-0.0579524,-0.695833,0,0,0,0,-0.127301,0.6595,0.727744,-0.138717,-0.000130394,0.698687,0.0679463,0.712194,0.0421206,0.824156,0.0535925,0.562246,0,0,0,0,-0.00239576,-0.00399957,0.99945,-0.0328477,0,0,0,0,0,0,0,0,0,0,0,0,0,0,0,0,
0.0112087,-0.0063894,0.999798,-0.0154285,0.00430875,-0.00628278,0.999851,-0.0154722,-0.00224256,-0.00194049,0.998485,-0.0549394,0,0,0,0,0.0541615,0.737878,-0.672738,-0.0051583,-0.0368687,0.827871,-0.154594,-0.537932,-0.115302,0.887921,-0.112983,0.43074,-0.299237,0.834987,-0.0317664,0.4607,0.0515169,0.744681,0.665428,0.00169407,-0.0327293,0.74541,0.136877,0.65158,-0.188317,0.835586,-0.0157061,0.515835,-0.22459,0.826112,-0.169915,0.488085,0.158744,-0.642619,0.733106,-0.156192,-0.0601916,0.712149,-0.0251966,-0.698989,0.0451741,0.71191,-0.0699637,-0.697315,0,0,0,0,-0.127343,0.659578,0.727635,-0.13888,-0.000933472,0.698796,0.0691473,0.711971,0.0287447,0.700325,0.0603181,0.71069,0,0,0,0,-0.00243774,-0.00388622,0.999446,-0.0329662,0,0,0,0,0,0,0,0,0,0,0,0,0,0,0,0,
0.0110838,-0.00641962,0.999797,-0.0155484,0.00421146,-0.00631259,0.99985,-0.0155922,-0.00231,-0.00195687,0.998482,-0.0550018,0,0,0,0,0.0542469,0.737875,-0.672734,-0.00512953,-0.0371328,0.827524,-0.154297,-0.538532,-0.112982,0.892562,-0.112253,0.421861,-0.297696,0.839674,-0.028035,0.453365,0.0515107,0.744673,0.665437,0.00156596,-0.0333942,0.745271,0.136648,0.651754,-0.186652,0.782146,-0.0338444,0.593518,-0.198717,0.773319,-0.183898,0.573298,0.158649,-0.642369,0.733355,-0.156151,-0.057748,0.712286,-0.026152,-0.699021,0.0445723,0.712045,-0.0690943,-0.697303,0,0,0,0,-0.127297,0.659767,0.727435,-0.139072,-0.000792124,0.698883,0.0690752,0.711892,0.0407921,0.832378,0.0531154,0.550148,0,0,0,0,-0.00250661,-0.00391484,0.999443,-0.0330516,0,0,0,0,0,0,0,0,0,0,0,0,0,0,0,0,
0.0106738,-0.00644844,0.999803,-0.0154648,0.00384668,-0.00634269,0.999852,-0.0155084,-0.00262767,-0.00201221,0.998486,-0.0549107,0,0,0,0,0.0543452,0.737949,-0.672644,-0.00537006,-0.0373734,0.827819,-0.154128,-0.538111,-0.114601,0.897885,-0.11073,0.410376,-0.312659,0.8411,-0.0329081,0.440127,0.0511713,0.744665,0.665473,0.00133481,-0.0338123,0.745183,0.136868,0.651787,-0.188059,0.770554,-0.039081,0.607745,-0.184813,0.761928,-0.191287,0.590525,0.158363,-0.642425,0.733446,-0.15578,-0.057249,0.712042,-0.0262803,-0.699305,0.0440808,0.71239,-0.0661634,-0.697266,0,0,0,0,-0.127498,0.659796,0.727352,-0.139182,-0.00155028,0.699175,0.069366,0.711576,0.0403952,0.830597,0.0557221,0.552605,0,0,0,0,-0.00282678,-0.00398357,0.999445,-0.0329627,0,0,0,0,0,0,0,0,0,0,0,0,0,0,0,0,
0.011345,-0.00644355,0.999794,-0.0155226,0.00424054,-0.00633309,0.99985,-0.0155679,-0.00251135,-0.00199992,0.99848,-0.0550133,0,0,0,0,0.0541903,0.737969,-0.672636,-0.00508497,-0.0373914,0.827805,-0.154232,-0.538102,-0.112232,0.888779,-0.113249,0.429709,-0.293788,0.838475,-0.03823,0.45737,0.0511622,0.744542,0.665611,0.00122432,-0.0350122,0.74673,0.136334,0.650062,-0.187176,0.766438,-0.0401405,0.613128,-0.172061,0.76121,-0.178003,0.599391,0.158772,-0.642348,0.733333,-0.156215,-0.0575832,0.712486,-0.0266719,-0.69881,0.0507002,0.711816,-0.072463,-0.696776,0,0,0,0,-0.127105,0.659893,0.727386,-0.138905,-0.00201754,0.698708,0.0677079,0.712193,0.0415051,0.828522,0.0599081,0.555194,0,0,0,0,-0.0027118,-0.00399122,0.999442,-0.0330611,0,0,0,0,0,0,0,0,0,0,0,0,0,0,0,0,
0.0113914,-0.0065001,0.999795,-0.0154205,0.00421818,-0.0063893,0.999851,-0.0154667,-0.00260263,-0.00211978,0.998494,-0.0547556,0,0,0,0,0.0539012,0.738101,-0.672514,-0.00509156,-0.0378434,0.826933,-0.154164,-0.539428,-0.11169,0.88431,-0.115207,0.438461,-0.294796,0.834289,-0.0473053,0.463485,0.0507408,0.744567,0.665616,0.00109796,-0.0357382,0.748177,0.136165,0.648392,-0.190434,0.84156,-0.0149279,0.50526,-0.209778,0.835835,-0.157453,0.482267,0.158868,-0.642134,0.733531,-0.156068,-0.0579327,0.712485,-0.0265488,-0.698787,0.0521171,0.712565,-0.067856,-0.696369,0,0,0,0,-0.127104,0.660035,0.727269,-0.138845,-0.00158109,0.69867,0.0676807,0.712234,0.0408839,0.835252,0.0608749,0.544957,0,0,0,0,-0.00280516,-0.00411268,0.999447,-0.0328633,0,0,0,0,0,0,0,0,0,0,0,0,0,0,0,0,
0.00992531,-0.00638399,0.999805,-0.0158473,0.00276557,-0.00627034,0.99985,-0.0158926,-0.00404033,-0.00193978,0.998474,-0.0550403,0,0,0,0,0.0557691,0.737514,-0.672994,-0.00651459,-0.0389732,0.827138,-0.153251,-0.539293,-0.117332,0.901938,-0.110729,0.4006,-0.303899,0.849152,-0.0322051,0.430755,0.0507003,0.744553,0.665635,0.000376391,-0.0362638,0.748926,0.135787,0.647577,-0.189647,0.8039,-0.0294194,0.56295,-0.188901,0.799558,-0.163504,0.546159,0.157626,-0.641986,0.734057,-0.155459,-0.0571072,0.711527,-0.0259285,-0.699854,0.0851253,0.878102,-0.0669187,-0.46606,0,0,0,0,-0.127602,0.660075,0.726954,-0.139848,-0.000583913,0.699715,0.0683466,0.711145,0.0381226,0.822886,0.0617964,0.563549,0,0,0,0,-0.00424574,-0.00399028,0.999431,-0.0332123,0,0,0,0,0,0,0,0,0,0,0,0,0,0,0,0,
0.00971198,-0.00635896,0.999807,-0.015826,0.0023774,-0.0062427,0.999852,-0.0158722,-0.00460319,-0.00188958,0.998471,-0.0550476,0,0,0,0,0.0563887,0.737437,-0.67302,-0.00714216,-0.0394304,0.826996,-0.152793,-0.539609,-0.113767,0.886432,-0.115237,0.433608,-0.301761,0.83383,-0.0442143,0.460124,0.0505606,0.744544,0.665656,0.000164051,-0.0364922,0.747593,0.13565,0.649131,-0.190774,0.795344,-0.0326361,0.574428,-0.213656,0.785067,-0.185526,0.551,0.157487,-0.641894,0.734205,-0.155284,-0.0568695,0.711402,-0.0263616,-0.699984,0.0573534,0.710478,-0.075345,-0.69732,0,0,0,0,-0.127714,0.660161,0.726837,-0.139945,-0.000173682,0.699866,0.0683328,0.710998,0.04148,0.848332,0.0595855,0.524464,0,0,0,0,-0.00480978,-0.00395856,0.999429,-0.0332133,0,0,0,0,0,0,0,0,0,0,0,0,0,0,0,0,
0.00946032,-0.00625925,0.999812,-0.0157176,0.00214249,-0.00614405,0.999855,-0.015763,-0.00481993,-0.00163791,0.998485,-0.0547832,0,0,0,0,0.0561889,0.737644,-0.672809,-0.00721118,-0.0397575,0.826526,-0.152539,-0.540376,-0.114167,0.890986,-0.114501,0.424264,-0.310796,0.834176,-0.0364206,0.454126,0.0500328,0.744446,0.665805,-9.68705e-005,-0.0388305,0.749638,0.134105,0.646956,-0.191366,0.823789,-0.0224587,0.533147,-0.236075,0.811256,-0.183023,0.502627,0.157407,-0.641929,0.734223,-0.155135,-0.0561328,0.711298,-0.0270507,-0.700123,0.0545883,0.710928,-0.0713147,-0.697507,0,0,0,0,-0.128005,0.660156,0.726774,-0.140032,-4.25131e-005,0.70005,0.0681987,0.710829,0.0431541,0.864478,0.0580406,0.497441,0,0,0,0,-0.00502846,-0.00381234,0.999434,-0.033039,0,0,0,0,0,0,0,0,0,0,0,0,0,0,0,0,
0.00841393,-0.00620082,0.99982,-0.0158192,0.00157901,-0.00609253,0.999854,-0.0158613,-0.00489956,-0.00160924,0.99848,-0.0548813,0,0,0,0,0.056388,0.737661,-0.672773,-0.00726428,-0.0397262,0.826003,-0.152465,-0.541199,-0.11878,0.907152,-0.110108,0.388384,-0.308345,0.853741,-0.0339908,0.418204,0.0501107,0.744275,0.665991,-0.000160244,-0.0404518,0.752826,0.133568,0.643254,-0.190432,0.831881,-0.0196982,0.520886,-0.230431,0.82071,-0.178638,0.49135,0.156417,-0.641496,0.735005,-0.154224,-0.0556026,0.710604,-0.026179,-0.700903,0.0547807,0.711478,-0.0672621,-0.697333,0,0,0,0,-0.128218,0.660482,0.726358,-0.140453,0.000105854,0.700797,0.0682919,0.710084,0.0398453,0.837475,0.0604639,0.541656,0,0,0,0,-0.00510776,-0.00378326,0.99943,-0.03314,0,0,0,0,0,0,0,0,0,0,0,0,0,0,0,0,
0.00807868,-0.0065232,0.999825,-0.0155513,0.00119155,-0.00641592,0.999857,-0.0155959,-0.00533939,-0.00235225,0.9985,-0.0544444,0,0,0,0,0.0557956,0.738232,-0.672196,-0.00726226,-0.0399042,0.826055,-0.152414,-0.541119,-0.118888,0.906589,-0.11034,0.389598,-0.309868,0.852401,-0.0333632,0.419859,0.0489128,0.744498,0.66583,-0.000793645,-0.0415733,0.75316,0.132865,0.642937,-0.190376,0.803821,-0.0304184,0.562764,-0.230004,0.787541,-0.207684,0.532677,0.156502,-0.641509,0.735066,-0.15379,-0.0562244,0.710308,-0.0267465,-0.701132,0.0532052,0.712464,-0.0589392,-0.697202,0,0,0,0,-0.128495,0.660649,0.72613,-0.140594,0.000171149,0.701015,0.068311,0.709867,0.0400778,0.82281,0.0597075,0.563749,0,0,0,0,-0.00555253,-0.00438748,0.999438,-0.0327535,0,0,0,0,0,0,0,0,0,0,0,0,0,0,0,0,
0.00823158,-0.00653639,0.999829,-0.0151836,0.00115148,-0.00642871,0.999863,-0.0152295,-0.00557312,-0.00231069,0.998534,-0.0537863,0,0,0,0,0.0544205,0.738714,-0.671784,-0.00678804,-0.0399693,0.825047,-0.152292,-0.542684,-0.114937,0.894979,-0.114362,0.4156,-0.305445,0.841938,-0.0433098,0.442682,0.0471678,0.744396,0.666069,-0.00161316,-0.0424912,0.751833,0.132302,0.644545,-0.196672,0.838974,-0.020519,0.506973,-0.234299,0.827233,-0.182028,0.477132,0.156848,-0.641742,0.734805,-0.153715,-0.0570248,0.710343,-0.0260768,-0.701057,0.0534961,0.712224,-0.05914,-0.697408,0,0,0,0,-0.128703,0.660586,0.726208,-0.140297,3.70168e-005,0.700906,0.0680558,0.709999,0.040359,0.8158,0.0592717,0.573871,0,0,0,0,-0.00578759,-0.00439563,0.999455,-0.0321873,0,0,0,0,0,0,0,0,0,0,0,0,0,0,0,0,
0.00696485,-0.00642154,0.99984,-0.0151592,0.000246624,-0.00631953,0.999864,-0.015202,-0.00611622,-0.0021807,0.998529,-0.0538383,0,0,0,0,0.0554845,0.73862,-0.67179,-0.0077705,-0.0403081,0.825318,-0.151858,-0.542369,-0.11158,0.87907,-0.118422,0.448065,-0.293096,0.829768,-0.0531599,0.471969,0.047496,0.744308,0.666143,-0.00144457,-0.0430564,0.750344,0.131869,0.646329,-0.197766,0.811931,-0.0313868,0.548335,-0.206458,0.804442,-0.183523,0.525896,0.155863,-0.641432,0.735491,-0.152722,-0.0572347,0.709436,-0.0258903,-0.701964,0.0544665,0.710469,-0.0679184,-0.698322,0,0,0,0,-0.129314,0.660701,0.72589,-0.140842,0.000400167,0.701809,0.0682001,0.709093,0.0390926,0.810912,0.0606224,0.580705,0,0,0,0,-0.00633025,-0.00428428,0.999452,-0.0322199,0,0,0,0,0,0,0,0,0,0,0,0,0,0,0,0,
0.00688973,-0.00659667,0.999845,-0.0147782,0.000162495,-0.00649709,0.999869,-0.0148222,-0.00620932,-0.0024165,0.998578,-0.0528972,0,0,0,0,0.0539191,0.739793,-0.670631,-0.00732246,-0.0403676,0.82525,-0.151929,-0.542448,-0.115754,0.891613,-0.115226,0.422316,-0.310728,0.836555,-0.0455924,0.448938,0.0458036,0.745406,0.665032,-0.00203853,-0.0432532,0.749769,0.131094,0.64714,-0.198536,0.820108,-0.0285779,0.535901,-0.22147,0.809218,-0.193371,0.50865,0.156155,-0.641524,0.735407,-0.152443,-0.0570884,0.709391,-0.0258748,-0.702023,0.0535784,0.710643,-0.0665176,-0.698349,0,0,0,0,-0.129595,0.660751,0.725818,-0.14072,0.000898919,0.701849,0.0678827,0.709083,0.0283017,0.701253,0.0682454,0.709074,0,0,0,0,-0.00642696,-0.00453971,0.999474,-0.0314638,0,0,0,0,0,0,0,0,0,0,0,0,0,0,0,0,
0.00710887,-0.00679578,0.999846,-0.0145642,0.000102741,-0.00669356,0.999871,-0.0146115,-0.00653977,-0.00257054,0.998581,-0.0527864,0,0,0,0,0.0537577,0.74044,-0.669929,-0.00740082,-0.0407945,0.825422,-0.151544,-0.542263,-0.116078,0.890343,-0.11561,0.424793,-0.290236,0.8456,-0.0675321,0.442903,0.0452088,0.746184,0.664198,-0.0024617,-0.0431634,0.749853,0.13095,0.647078,-0.200058,0.849752,-0.0174602,0.487436,-0.226098,0.840106,-0.181349,0.458491,0.156647,-0.641474,0.735334,-0.152501,-0.0569744,0.709549,-0.0260241,-0.701867,0.0532981,0.710515,-0.0664493,-0.698507,0,0,0,0,-0.129703,0.660794,0.725771,-0.140662,0.00073349,0.701684,0.067698,0.709265,0.0444151,0.845291,0.0612922,0.528917,0,0,0,0,-0.00676407,-0.00473313,0.999476,-0.0313018,0,0,0,0,0,0,0,0,0,0,0,0,0,0,0,0,
0.00646547,-0.00648635,0.99986,-0.0140163,-0.000410887,-0.0063898,0.999881,-0.0140606,-0.00692744,-0.00165931,0.998653,-0.0513968,0,0,0,0,0.0522052,0.741587,-0.668781,-0.00743882,-0.0413995,0.824706,-0.15126,-0.543385,-0.119265,0.901062,-0.113316,0.401275,-0.279968,0.859426,-0.0512024,0.424715,0.0430882,0.747041,0.663373,-0.00304062,-0.0429149,0.749472,0.130971,0.647531,-0.194486,0.755694,-0.0510063,0.623298,-0.169116,0.748005,-0.202989,0.608839,0.156669,-0.641666,0.735255,-0.15205,-0.0571471,0.709098,-0.0263463,-0.702296,0.0521088,0.710281,-0.0656898,-0.698907,0,0,0,0,-0.130729,0.660677,0.725677,-0.140743,0.00170113,0.702148,0.0677712,0.708797,0.0437357,0.851928,0.0595001,0.518427,0,0,0,0,-0.00714731,-0.00408691,0.999509,-0.0302343,0,0,0,0,0,0,0,0,0,0,0,0,0,0,0,0,
0.00612328,-0.00629842,0.999871,-0.0134137,-0.000846139,-0.00620477,0.99989,-0.0134572,-0.00746488,-0.00151676,0.998681,-0.0507795,0,0,0,0,0.0520626,0.742578,-0.667684,-0.00806931,-0.0417918,0.823719,-0.150899,-0.544949,-0.117809,0.893162,-0.116287,0.418163,-0.3051,0.842636,-0.0617392,0.439393,0.0422133,0.747849,0.662518,-0.00323055,-0.0425829,0.74897,0.130609,0.648207,-0.200849,0.841632,-0.0217755,0.500841,-0.183562,0.836891,-0.181961,0.482502,0.156809,-0.642165,0.734866,-0.15168,-0.0568542,0.708893,-0.0263615,-0.702526,0.0522872,0.710326,-0.0636764,-0.699034,0,0,0,0,-0.131489,0.660432,0.725808,-0.140509,0.00138249,0.7024,0.0681243,0.708514,0.0267619,0.70219,0.0660241,0.708416,0,0,0,0,-0.00768308,-0.00398014,0.999522,-0.0296836,0,0,0,0,0,0,0,0,0,0,0,0,0,0,0,0,
0.00619609,-0.00601118,0.999887,-0.0123458,-0.000736481,-0.00592544,0.999905,-0.0123872,-0.00733613,-0.00153084,0.998737,-0.0496796,0,0,0,0,0.0505602,0.743429,-0.666855,-0.00782667,-0.0414018,0.82372,-0.152527,-0.544525,-0.11872,0.893407,-0.116516,0.417317,-0.270234,0.855935,-0.0666042,0.435791,0.040826,0.747761,0.662703,-0.00327928,-0.042545,0.74907,0.131145,0.647986,-0.199184,0.812627,-0.0324391,0.546727,-0.145544,0.81139,-0.180413,0.536577,0.157542,-0.642087,0.734891,-0.151128,-0.0578181,0.708886,-0.0279193,-0.702394,0.0520018,0.712022,-0.0533813,-0.698191,0,0,0,0,-0.132198,0.660935,0.725356,-0.139812,0.00185313,0.702357,0.0682226,0.708546,0.0251497,0.701613,0.0682982,0.708831,0,0,0,0,-0.00754884,-0.00397034,0.999548,-0.0288191,0,0,0,0,0,0,0,0,0,0,0,0,0,0,0,0,
0.00436214,-0.00544835,0.999917,-0.010869,-0.00183722,-0.00538086,0.999924,-0.0109026,-0.0077231,-0.0011044,0.998793,-0.0485026,0,0,0,0,0.0496567,0.745703,-0.664372,-0.00839695,-0.0422646,0.822455,-0.152065,-0.546496,-0.114022,0.877358,-0.122064,0.449825,-0.286997,0.833423,-0.0806668,0.46533,0.0393844,0.749514,0.660807,-0.00332662,-0.0412343,0.747882,0.131048,0.649461,-0.198488,0.817055,-0.0302853,0.540468,-0.134282,0.818513,-0.167858,0.532756,0.157507,-0.642471,0.734869,-0.149633,-0.0572796,0.707668,-0.0280783,-0.70366,0.064634,0.70758,-0.0825512,-0.698813,0,0,0,0,-0.134689,0.660975,0.72482,-0.140024,0.00191523,0.70368,0.0690836,0.707148,0.0264605,0.701399,0.0714231,0.708688,0,0,0,0,-0.00792785,-0.00360197,0.999577,-0.0277534,0,0,0,0,0,0,0,0,0,0,0,0,0,0,0,0,
0.00223109,-0.00568729,0.999947,-0.00824893,-0.00348832,-0.00564001,0.999944,-0.00828132,-0.00891203,-0.00226824,0.998905,-0.0458648,0,0,0,0,0.0476163,0.748875,-0.66093,-0.00953541,-0.0433484,0.821404,-0.151439,-0.548163,-0.130542,0.934009,-0.105189,0.315469,-0.294914,0.892043,-0.0486079,0.339002,0.0357698,0.751967,0.658218,-0.00398416,-0.0406059,0.747283,0.131729,0.650052,-0.199885,0.861064,-0.0121387,0.467406,-0.132039,0.864136,-0.156614,0.459682,0.158163,-0.643705,0.734143,-0.14718,0.0549983,-0.706364,0.0290734,0.70511,0.0600933,0.704884,-0.0913951,-0.700838,0,0,0,0,-0.137977,0.660476,0.72471,-0.139747,0.00301308,0.70514,0.0711059,0.705487,0.030828,0.702798,0.068142,0.707447,0,0,0,0,-0.00910934,-0.00441119,0.999622,-0.0255613,0,0,0,0,0,0,0,0,0,0,0,0,0,0,0,0,
0.00157708,-0.00579331,0.999961,-0.00645689,-0.00406992,-0.00575675,0.999954,-0.00648951,-0.00942482,-0.00236655,0.998985,-0.043989,0,0,0,0,0.0454272,0.753114,-0.656243,-0.0100246,-0.0441613,0.822312,-0.151411,-0.546743,-0.11627,0.89015,-0.120011,0.423924,-0.302544,0.842314,-0.086231,0.437652,0.0329214,0.755708,0.654066,-0.00434717,-0.0393869,0.74157,0.131248,0.656731,-0.197004,0.784612,-0.0384159,0.586598,-0.0855289,0.789086,-0.162464,0.586203,0.159076,-0.643857,0.734101,-0.145735,0.0532462,-0.706053,0.0297435,0.705527,0.0583048,0.707568,-0.0757472,-0.70015,0,0,0,0,-0.1395,0.660991,0.72407,-0.139114,0.00207454,0.705593,0.0714671,0.705001,0.0332894,0.702645,0.0713694,0.707169,0,0,0,0,-0.00962322,-0.00455676,0.999663,-0.0236843,0,0,0,0,0,0,0,0,0,0,0,0,0,0,0,0,
0.00157809,-0.00563955,0.99997,-0.00499405,-0.004091,-0.00561114,0.999963,-0.00502594,-0.00947325,-0.00214229,0.999017,-0.0432434,0,0,0,0,0.0442564,0.75425,-0.655012,-0.0103894,-0.0446895,0.820944,-0.151133,-0.548829,-0.115452,0.88732,-0.121871,0.429513,-0.320767,0.832773,-0.0914761,0.441847,0.0316787,0.756567,0.653136,-0.00408193,-0.0387005,0.740362,0.131776,0.658028,-0.194347,0.748949,-0.0489861,0.631589,-0.0698189,0.751701,-0.173807,0.632346,0.160136,-0.643508,0.734357,-0.144821,0.0524491,-0.706135,0.0308152,0.70546,0.0608474,0.707562,-0.0763157,-0.699878,0,0,0,0,-0.140433,0.661804,0.723302,-0.138303,0.00247531,0.705588,0.0726716,0.704882,0.032588,0.702383,0.0727392,0.707322,0,0,0,0,-0.00966711,-0.00433448,0.999688,-0.0226099,0,0,0,0,0,0,0,0,0,0,0,0,0,0,0,0,
0.000698319,-0.00560237,0.999978,-0.00344002,-0.00436273,-0.00558488,0.999969,-0.00346833,-0.00914296,-0.00211747,0.999085,-0.0417218,0,0,0,0,0.042246,0.757599,-0.651267,-0.0105054,-0.0451697,0.819416,-0.15083,-0.551152,-0.117575,0.890126,-0.122188,0.422993,-0.29009,0.847608,-0.10114,0.432642,0.0301256,0.759441,0.649869,-0.00352706,-0.0371582,0.742683,0.131828,0.655486,-0.193055,0.823731,-0.0217128,0.532659,-0.0821829,0.827839,-0.15308,0.533381,0.160805,-0.644253,0.733772,-0.143733,0.0526969,-0.705501,0.0312195,0.706057,0.0624627,0.70909,-0.069378,-0.698911,0,0,0,0,-0.142296,0.661454,0.723327,-0.137947,0.00285126,0.706193,0.0739632,0.70414,0.0465099,0.826425,0.0628916,0.557587,0,0,0,0,-0.00933296,-0.00432004,0.999725,-0.0210645,0,0,0,0,0,0,0,0,0,0,0,0,0,0,0,0,
0.000176549,-0.00554365,0.999981,-0.00266677,-0.00466693,-0.00553067,0.99997,-0.00269359,-0.0092321,-0.00199816,0.999113,-0.0410376,0,0,0,0,0.0410473,0.759205,-0.649471,-0.0104767,-0.0461534,0.817873,-0.150392,-0.553475,-0.122848,0.895101,-0.122053,0.410858,-0.293016,0.852239,-0.0970147,0.422395,0.0287981,0.760474,0.648718,-0.00371737,-0.0368223,0.74253,0.131884,0.655667,-0.192026,0.833126,-0.0172215,0.518392,-0.0959604,0.836274,-0.154654,0.517223,0.16143,-0.6441,0.733853,-0.143305,0.0517842,-0.705205,0.0306081,0.706447,0.0658783,0.709146,-0.0703567,-0.698443,0,0,0,0,-0.14348,0.661571,0.722954,-0.13811,0.00225178,0.706562,0.0748696,0.703676,0.0529954,0.885782,0.0583459,0.457359,0,0,0,0,-0.0094206,-0.00423384,0.999741,-0.0202769,0,0,0,0,0,0,0,0,0,0,0,0,0,0,0,0,
0.000738551,-0.00540661,0.999983,-0.00228282,-0.00423841,-0.00539518,0.999974,-0.0023097,-0.0089442,-0.00186053,0.999126,-0.0407879,0,0,0,0,0.040284,0.759828,-0.648794,-0.0101919,-0.0468137,0.820868,-0.151451,-0.548678,-0.121055,0.878962,-0.125675,0.44382,-0.273091,0.842209,-0.106561,0.452493,0.0284008,0.760681,0.648494,-0.00357082,-0.0356551,0.75002,0.132574,0.647011,-0.179317,0.747321,-0.0432159,0.638349,-0.0738094,0.751462,-0.149173,0.638439,0.162216,-0.643814,0.733886,-0.14353,0.0510123,-0.705668,0.0305442,0.706044,0.0627665,0.710316,-0.0633873,-0.698207,0,0,0,0,-0.143578,0.661819,0.722783,-0.137715,0.00222156,0.706178,0.0744666,0.704104,0.0523171,0.878495,0.0600263,0.471068,0,0,0,0,-0.00912939,-0.0040971,0.999751,-0.0199411,0,0,0,0,0,0,0,0,0,0,0,0,0,0,0,0,
-0.000920067,-0.00546762,0.999984,-0.00121625,-0.00477071,-0.00546289,0.999973,-0.00123729,-0.00834787,-0.002129,0.999171,-0.0397911,0,0,0,0,0.0387141,0.760802,-0.647753,-0.00987148,-0.0482494,0.825239,-0.151562,-0.541924,-0.123087,0.877618,-0.124435,0.446265,-0.265096,0.843799,-0.105525,0.454524,0.027634,0.761636,0.647409,-0.00299523,-0.0364513,0.752539,0.132261,0.644099,-0.180172,0.793221,-0.0290631,0.580942,-0.119225,0.79205,-0.165031,0.575507,0.162069,-0.644406,0.73366,-0.142192,0.0536261,-0.704281,0.0296631,0.707271,0.0636348,0.711304,-0.0601568,-0.697408,0,0,0,0,-0.145472,0.66146,0.722662,-0.138088,0.00284099,0.707324,0.0754482,0.702846,0.0511317,0.881046,0.0606743,0.466329,0,0,0,0,-0.00852911,-0.00426641,0.999773,-0.0190435,0,0,0,0,0,0,0,0,0,0,0,0,0,0,0,0,
-0.00237185,-0.00528515,0.999983,0.000221544,-0.00528008,-0.00528577,0.999972,0.000206172,-0.00792534,-0.00246148,0.999229,-0.0383842,0,0,0,0,0.0372466,0.761094,-0.647499,-0.0096761,-0.0521503,0.833846,-0.15197,-0.528097,-0.123299,0.86895,-0.124467,0.462851,-0.251538,0.839416,-0.113109,0.468313,0.0267377,0.761924,0.647109,-0.00253813,-0.040127,0.758359,0.129555,0.637571,-0.174569,0.731838,-0.047587,0.65702,-0.143224,0.72567,-0.182745,0.647684,0.162164,-0.644892,0.733498,-0.140705,0.0528814,-0.703321,0.0298905,0.708272,0.0627788,0.711269,-0.0616079,-0.697395,0,0,0,0,-0.147463,0.661282,0.722438,-0.138,0.00357958,0.708341,0.0760697,0.701751,0.0299344,0.701306,0.0716133,0.708622,0,0,0,0,-0.00809646,-0.00441599,0.999793,-0.018158,0,0,0,0,0,0,0,0,0,0,0,0,0,0,0,0,
0.00413718,-0.00529987,0.999976,0.00162513,-0.00193826,-0.00530965,0.999983,0.0015929,-0.00777247,-0.0023858,0.999246,-0.0379694,0,0,0,0,0.0361295,0.760812,-0.647893,-0.00976707,-0.0611786,0.83795,-0.149661,-0.521247,-0.130206,0.893386,-0.120939,0.412652,-0.274855,0.85781,-0.094223,0.423955,0.0258618,0.762642,0.6463,-0.0022278,-0.0494761,0.765814,0.124182,0.629015,-0.178773,0.758543,-0.0433897,0.625116,-0.193429,0.746032,-0.196703,0.606077,0.168022,-0.643453,0.732814,-0.143945,-0.0511536,0.708085,-0.031689,-0.703559,0.0639011,0.711419,-0.0622295,-0.697085,0,0,0,0,-0.145132,0.662708,0.722291,-0.13435,0.00310107,0.703766,0.0752291,0.706431,0.0473394,0.844443,0.068103,0.529185,0,0,0,0,-0.00793978,-0.00428533,0.999809,-0.0173368,0,0,0,0,0,0,0,0,0,0,0,0,0,0,0,0,
0.00506497,-0.00531575,0.999969,0.00280452,-0.00143179,-0.00533386,0.999981,0.00276993,-0.00769442,-0.00252167,0.99929,-0.0367864,0,0,0,0,0.0351073,0.760268,-0.648588,-0.00968464,-0.0731215,0.841311,-0.146922,-0.515037,-0.142489,0.881973,-0.128607,0.430443,-0.276435,0.847275,-0.0987484,0.442671,0.0250069,0.763566,0.645241,-0.00219714,-0.0649852,0.776231,0.115389,0.616383,-0.189524,0.796679,-0.0400545,0.57252,-0.211781,0.789139,-0.164997,0.552435,0.169214,-0.643072,0.732977,-0.143424,-0.0514279,0.708721,-0.031419,-0.70291,0.0645485,0.711396,-0.0632331,-0.696959,0,0,0,0,-0.1451,0.663413,0.721899,-0.13301,0.00343295,0.703101,0.0755332,0.707059,0.0486274,0.85315,0.0676572,0.514969,0,0,0,0,-0.00785567,-0.00435826,0.99982,-0.0167272,0,0,0,0,0,0,0,0,0,0,0,0,0,0,0,0,
0.00690079,-0.00571606,0.999951,0.00413044,-0.000305524,-0.00574568,0.999975,0.00408914,-0.00729152,-0.00404028,0.999372,-0.0344354,0,0,0,0,0.0316371,0.760214,-0.648845,-0.00864629,-0.087293,0.845158,-0.142251,-0.507792,-0.151617,0.866484,-0.13849,0.455014,-0.315693,0.819054,-0.11192,0.465793,0.0221124,0.764481,0.644262,-0.00260863,-0.0851496,0.772562,0.105782,0.620249,-0.22067,0.72429,-0.096871,0.646007,-0.15078,0.737815,-0.139962,0.642888,0.171351,-0.643014,0.732514,-0.143513,-0.0509777,0.710051,-0.0315898,-0.701592,0.0636185,0.711851,-0.0623711,-0.696657,0,0,0,0,-0.144753,0.663879,0.721855,-0.131287,0.00320134,0.701768,0.0756683,0.708369,0.0491866,0.85291,0.0650358,0.515651,0,0,0,0,-0.00744838,-0.00541675,0.999842,-0.0151882,0,0,0,0,0,0,0,0,0,0,0,0,0,0,0,0,
0.00696549,-0.00600682,0.999946,0.00480285,-0.00024036,-0.00604127,0.99997,0.00475944,-0.0072269,-0.00474375,0.999464,-0.0315834,0,0,0,0,0.0278789,0.760894,-0.648222,-0.00839621,-0.107517,0.847286,-0.134586,-0.502427,-0.173112,0.835835,-0.156107,0.497035,-0.30274,0.796539,-0.134991,0.505619,0.0184339,0.765777,0.642835,-0.00279638,-0.103664,0.76974,0.0962798,0.622482,-0.24729,0.768485,-0.0890337,0.583396,-0.217361,0.773736,-0.172513,0.569496,0.171896,-0.643029,0.732471,-0.143013,-0.051112,0.710082,-0.031289,-0.701564,0.0642152,0.712046,-0.0620338,-0.696433,0,0,0,0,-0.145037,0.664043,0.721718,-0.130893,0.00362948,0.701692,0.0754759,0.708462,0.0495459,0.852869,0.0665109,0.515495,0,0,0,0,-0.00739514,-0.00623844,0.99987,-0.0128912,0,0,0,0,0,0,0,0,0,0,0,0,0,0,0,0,
0.00769995,-0.00627221,0.999934,0.00576666,0.000410142,-0.00631408,0.999964,0.00572078,-0.00666788,-0.00520127,0.999577,-0.0278297,0,0,0,0,0.0210349,0.761376,-0.647935,-0.00665506,-0.137947,0.839492,-0.122582,-0.511075,-0.218389,0.802552,-0.186377,0.522953,-0.283089,0.778274,-0.131484,0.54485,0.0122831,0.766906,0.641631,-0.00371487,-0.135662,0.780332,0.0809842,0.605078,-0.267391,0.737061,-0.125292,0.607902,-0.216723,0.750291,-0.175679,0.599359,0.172999,-0.643291,0.732027,-0.142774,-0.0490005,0.710751,-0.029704,-0.701106,0.0664147,0.710886,-0.0712599,-0.696529,0,0,0,0,-0.145195,0.66412,0.721788,-0.129942,0.00353474,0.701148,0.0755361,0.708995,0.0533835,0.879792,0.0637491,0.46803,0,0,0,0,-0.00684119,-0.0068443,0.999906,-0.0096672,0,0,0,0,0,0,0,0,0,0,0,0,0,0,0,0,
0.00929374,-0.00678436,0.999908,0.00714673,0.00131447,-0.00684118,0.999951,0.00709237,-0.00644854,-0.0060826,0.99967,-0.0241107,0,0,0,0,0.0127675,0.760607,-0.64907,-0.00459425,-0.169117,0.851534,-0.109073,-0.484141,-0.229483,0.776758,-0.200821,0.55105,-0.329445,0.739701,-0.18837,0.555721,0.0042024,0.766959,0.641659,-0.00547317,-0.157531,0.781395,0.0711582,0.599619,-0.311653,0.7786,-0.133882,0.527949,-0.257857,0.796363,-0.149339,0.52632,0.175445,-0.643532,0.731162,-0.143134,-0.0489819,0.711875,-0.029926,-0.699957,0.065612,0.707875,-0.0867706,-0.69791,0,0,0,0,-0.145526,0.664211,0.72185,-0.128759,0.00333204,0.699974,0.0752888,0.710181,0.0543509,0.881168,0.0669511,0.464873,0,0,0,0,-0.00663914,-0.00789129,0.99993,-0.00581328,0,0,0,0,0,0,0,0,0,0,0,0,0,0,0,0,
0.00994088,-0.00748437,0.999883,0.00890953,0.00170872,-0.00755747,0.999931,0.00884762,-0.00627983,-0.00667647,0.999709,-0.0223256,0,0,0,0,0.00593716,0.760862,-0.648883,-0.00213275,-0.212336,0.852324,-0.083308,-0.470656,-0.271968,0.794849,-0.204933,0.502246,-0.323575,0.774149,-0.180053,0.513393,-0.00251527,0.767061,0.641523,-0.00771579,-0.194791,0.791958,0.054967,0.576054,-0.325784,0.72612,-0.192078,0.574213,-0.275987,0.744646,-0.18049,0.580308,0.177074,-0.64386,0.730672,-0.142156,-0.0494086,0.712293,-0.0294561,-0.699521,0.0634743,0.710428,-0.0741107,-0.696973,0,0,0,0,-0.146051,0.664563,0.721653,-0.127446,0.00328692,0.69945,0.0751475,0.710712,0.0527553,0.868769,0.069249,0.487506,0,0,0,0,-0.00649436,-0.0087203,0.999936,-0.00322132,0,0,0,0,0,0,0,0,0,0,0,0,0,0,0,0,
0.0112552,-0.00836158,0.999837,0.0113747,0.00215968,-0.0084647,0.999898,0.0112982,-0.00666441,-0.00727907,0.999742,-0.02047,0,0,0,0,-0.00229941,0.760409,-0.649439,0.00148982,-0.239198,0.842406,-0.0656075,-0.478363,-0.291175,0.725144,-0.251193,0.571214,-0.349795,0.698483,-0.238068,0.577138,-0.011388,0.766839,0.641628,-0.0119362,-0.22032,0.788693,0.0371062,0.572752,0.223153,-0.541677,-0.361446,0.725359,0.218235,-0.544573,-0.343515,0.733356,0.179465,-0.64377,0.730439,-0.140756,-0.0497623,0.713191,-0.029351,-0.698585,0.0629685,0.710013,-0.0747265,-0.697375,0,0,0,0,-0.146296,0.665608,0.721024,-0.125252,0.00292764,0.698436,0.0749725,0.711729,0.0527674,0.871447,0.0694322,0.482674,0,0,0,0,-0.00689963,-0.00948706,0.999931,-0.000683442,0,0,0,0,0,0,0,0,0,0,0,0,0,0,0,0,
0.0121779,-0.00917871,0.999775,0.0147562,0.00252125,-0.0093208,0.999846,0.0146669,-0.00686296,-0.00706721,0.999805,-0.017088,0,0,0,0,-0.0150462,0.760457,-0.64917,0.00755208,-0.275657,0.840774,-0.0497849,-0.463286,-0.327724,0.693588,-0.274114,0.579995,-0.373491,0.670179,-0.262028,0.58541,-0.0245528,0.766593,0.641404,-0.0182788,-0.250373,0.776309,0.0119204,0.578374,0.306938,-0.574273,-0.382681,0.655404,0.276673,-0.590476,-0.339118,0.678078,0.182015,-0.644544,0.72952,-0.138686,-0.0493508,0.713878,-0.0287975,-0.697935,0.0639397,0.709984,-0.0740092,-0.697393,0,0,0,0,-0.147571,0.666017,0.720839,-0.122616,0.00179483,0.697677,0.0785476,0.712091,0.0517082,0.890448,0.0643434,0.447536,0,0,0,0,-0.00709854,-0.00955597,0.999925,0.00291748,0,0,0,0,0,0,0,0,0,0,0,0,0,0,0,0,
0.0146728,-0.00940648,0.999706,0.0168499,0.00414536,-0.00958338,0.999805,0.0167499,-0.00610838,-0.00679887,0.99982,-0.016648,0,0,0,0,-0.022453,0.760379,-0.648967,0.012723,-0.311067,0.836997,-0.0350682,-0.448825,-0.376508,0.665852,-0.289994,0.57514,-0.417214,0.642048,-0.2802,0.57896,-0.0310256,0.765883,0.641845,-0.0222648,-0.261279,0.751372,-0.0222842,0.605538,0.349447,-0.512544,-0.447695,0.644015,0.296671,-0.541076,-0.361171,0.699127,0.184582,-0.644208,0.729262,-0.138212,-0.0488314,0.715678,-0.0287929,-0.696126,0.0630804,0.710508,-0.072423,-0.697104,0,0,0,0,-0.146909,0.66717,0.720402,-0.119674,0.00252074,0.695872,0.0774062,0.713978,0.0488785,0.870237,0.066711,0.485642,0,0,0,0,-0.00634276,-0.00932052,0.999929,0.0038383,0,0,0,0,0,0,0,0,0,0,0,0,0,0,0,0,
0.0163764,-0.0106445,0.999595,0.0206994,0.00583252,-0.0108622,0.999712,0.020586,-0.00442457,-0.0083163,0.999876,-0.0126344,0,0,0,0,-0.0387783,0.76018,-0.648193,0.0216316,-0.38288,0.866307,-0.048659,-0.317093,-0.399579,0.647631,-0.275215,0.587509,-0.435959,0.628944,-0.306113,0.566271,-0.045294,0.764654,0.642209,-0.0286452,-0.41095,0.860637,0.0280669,0.299393,0.357638,-0.55912,-0.343171,0.664615,0.372647,-0.550432,-0.423116,0.615736,0.188296,-0.644723,0.728211,-0.136333,-0.048485,0.716915,-0.0286983,-0.69488,0.0639822,0.711264,-0.0715171,-0.696344,0,0,0,0,-0.148112,0.667506,0.720359,-0.116541,0.00170113,0.694531,0.0772567,0.715301,0.0416023,0.821685,0.0685759,0.56427,0,0,0,0,-0.00467076,-0.0106471,0.999902,0.00774552,0,0,0,0,0,0,0,0,0,0,0,0,0,0,0,0,
0.0192662,-0.0111262,0.999509,0.0220478,0.00609929,-0.0114157,0.999676,0.0218993,-0.0067947,-0.00851708,0.999858,-0.0128909,0,0,0,0,-0.0485715,0.75859,-0.649097,0.0292545,-0.409548,0.849423,-0.0226929,-0.332018,-0.426208,0.594601,-0.31228,0.606034,-0.472133,0.568467,-0.345534,0.578396,-0.0584409,0.764308,0.640971,-0.0396907,-0.441594,0.838624,0.00651144,0.318844,0.42861,-0.51681,-0.362315,0.646474,-0.367776,0.571773,0.420463,-0.600855,0.190688,-0.644882,0.727379,-0.136693,-0.0483381,0.718949,-0.0286284,-0.692789,0.063257,0.709843,-0.0709313,-0.697919,0,0,0,0,-0.146945,0.66751,0.721031,-0.11381,-0.00179536,0.69243,0.0790754,0.717137,0.0418882,0.822726,0.0661624,0.563019,0,0,0,0,-0.0070533,-0.0109554,0.999885,0.0078087,0,0,0,0,0,0,0,0,0,0,0,0,0,0,0,0,
0.0166782,-0.0121429,0.999495,0.0241869,0.00564795,-0.012409,0.999618,0.0240515,-0.00507827,-0.0095113,0.999872,-0.0118594,0,0,0,0,-0.067284,0.756446,-0.649144,0.0432902,-0.461259,0.856069,-0.0332301,-0.230829,-0.403509,0.558798,-0.336113,0.641835,-0.548742,0.4744,-0.388504,0.568236,-0.0749817,0.760413,0.643068,-0.0511264,-0.498152,0.834576,0.0202653,0.234344,0.440348,-0.50957,-0.365566,0.64249,0.418366,-0.533342,-0.429265,0.596865,0.190582,-0.646343,0.726645,-0.133814,-0.0494305,0.717067,-0.028141,-0.694679,0.0695536,0.835858,-0.0495339,-0.542264,0,0,0,0,-0.149738,0.66673,0.721139,-0.114058,-0.000547619,0.694158,0.0790029,0.715474,0.0485598,0.887575,0.0593938,0.45423,0,0,0,0,-0.00535281,-0.0118601,0.999874,0.00905958,0,0,0,0,0,0,0,0,0,0,0,0,0,0,0,0,
0.0152787,-0.0135359,0.999521,0.0232713,0.00527865,-0.013768,0.999624,0.0231347,-0.00438533,-0.0101012,0.999853,-0.0131045,0,0,0,0,-0.0793703,0.754411,-0.649273,0.0548487,-0.47461,0.814563,0.0466422,-0.330239,-0.310102,0.336074,-0.493917,0.739552,0.830256,-0.239051,0.149251,-0.48089,-0.0859276,0.75486,0.647282,-0.0618749,-0.546873,0.82113,0.0193171,0.16218,0.447049,-0.47311,-0.387536,0.652786,0.425196,-0.498773,-0.447095,0.60872,0.189101,-0.647973,0.72566,-0.13338,-0.0526739,0.715782,-0.0266345,-0.695825,0.0597828,0.710366,-0.0703703,-0.697749,0,0,0,0,-0.149647,0.665202,0.722354,-0.115396,9.91101e-006,0.695055,0.0761527,0.714912,0.0494247,0.878906,0.0579204,0.470878,0,0,0,0,-0.00467892,-0.0126505,0.99988,0.0076662,0,0,0,0,0,0,0,0,0,0,0,0,0,0,0,0,
0.0124357,-0.0140284,0.999568,0.0226161,0.00368392,-0.0142258,0.999639,0.0224924,-0.00471125,-0.0102239,0.999836,-0.0141535,0,0,0,0,-0.0900941,0.750074,-0.651948,0.0650844,-0.475732,0.784546,0.0763438,-0.390305,-0.551632,0.389682,-0.433618,0.596511,-0.365757,0.54855,-0.364086,0.657842,-0.0965942,0.744951,0.656026,-0.0731315,-0.553615,0.791284,-0.0807138,0.24671,0.426369,-0.488345,-0.440388,0.621117,0.533322,-0.414078,-0.412389,0.61159,0.186601,-0.649897,0.724793,-0.132247,-0.0546728,0.713574,-0.0246948,-0.698006,0.0622154,0.71097,-0.0697234,-0.696986,0,0,0,0,-0.150759,0.663348,0.72357,-0.116994,-0.0017147,0.697043,0.0772891,0.71285,0.0366627,0.769489,0.0627252,0.634514,0,0,0,0,-0.00501154,-0.0128411,0.999883,0.00658356,0,0,0,0,0,0,0,0,0,0,0,0,0,0,0,0,
0.0158256,-0.0151108,0.999484,0.0235,0.00882102,-0.0152751,0.999571,0.0233936,0.00222276,-0.011905,0.999838,-0.0133024,0,0,0,0,-0.101708,0.745508,-0.654417,0.0749068,-0.579634,0.811346,-0.0694036,-0.0304321,-0.433726,0.460031,-0.386807,0.671293,0.598797,-0.362506,0.460766,-0.545643,-0.099278,0.746321,0.65417,-0.0721858,-0.605167,0.787286,-0.0150435,0.117167,0.482996,-0.421686,-0.419087,0.642854,0.638022,-0.336672,-0.431073,0.541992,0.189153,-0.652161,0.721803,-0.133821,-0.0545346,0.715946,-0.0239562,-0.69561,0.0587893,0.714676,-0.0637498,-0.694059,0,0,0,0,-0.149484,0.661129,0.726283,-0.114352,-0.00269768,0.694559,0.0752883,0.715481,0.0442875,0.848327,0.0568706,0.524543,0,0,0,0,0.00190825,-0.0141084,0.999871,0.00743141,0,0,0,0,0,0,0,0,0,0,0,0,0,0,0,0,
0.0272847,-0.0158879,0.999255,0.0221865,0.0185585,-0.0160811,0.999455,0.022047,0.0102013,-0.0122654,0.999765,-0.0146483,0,0,0,0,-0.115712,0.739003,-0.657615,0.0895985,-0.572945,0.779982,0.0704283,-0.241666,-0.484315,0.40799,-0.450542,0.629281,-0.587241,0.322575,-0.399157,0.625913,-0.102294,0.743013,0.657145,-0.0750199,-0.643744,0.759569,0.0901237,0.0229372,0.505959,-0.386752,-0.387139,0.666747,0.463379,-0.456392,-0.498859,0.572823,0.194046,-0.65531,0.716237,-0.141136,-0.0552919,0.723823,-0.0239905,-0.687348,0.0607332,0.719161,-0.060966,-0.689494,0,0,0,0,-0.141711,0.657507,0.732141,-0.107574,-0.00746128,0.686367,0.0708027,0.723762,0.0443738,0.850964,0.0547795,0.520471,0,0,0,0,0.00988201,-0.0145108,0.999828,0.00594138,0,0,0,0,0,0,0,0,0,0,0,0,0,0,0,0,
0.0332669,-0.0160473,0.999086,0.0215243,0.0204681,-0.0163217,0.99943,0.021317,0.00796953,-0.0122961,0.999781,-0.0149286,0,0,0,0,-0.111509,0.739752,-0.657862,0.0868901,-0.647226,0.757984,-0.077439,-0.0237193,-0.432226,0.334162,-0.47628,0.688966,-0.516258,0.260989,-0.404393,0.708398,-0.100406,0.737187,0.6638,-0.0764421,-0.621144,0.760073,-0.102201,0.161319,0.545119,-0.390592,-0.423853,0.608795,0.540009,-0.409528,-0.473837,0.562277,0.196204,-0.656791,0.71358,-0.14468,-0.0552047,0.727956,-0.0246401,-0.682954,0.0602899,0.717618,-0.062055,-0.691041,0,0,0,0,-0.137347,0.655553,0.735286,-0.103635,-0.00748754,0.682068,0.0674338,0.728134,0.0254948,0.694937,0.0631635,0.715837,0,0,0,0,0.00764761,-0.0146812,0.999849,0.00530715,0,0,0,0,0,0,0,0,0,0,0,0,0,0,0,0,
0.0326967,-0.0164433,0.99909,0.0218913,0.0199645,-0.0167209,0.999426,0.02168,0.0075475,-0.0131024,0.999781,-0.0144592,0,0,0,0,-0.112901,0.740112,-0.657195,0.0870735,-0.641119,0.761148,-0.0837761,-0.0510022,-0.556599,0.395753,-0.327091,0.653137,0.625712,-0.364846,0.380851,-0.574739,-0.101581,0.731297,0.669907,-0.0781698,-0.600169,0.731597,-0.186726,0.264001,0.560927,-0.37551,-0.463898,0.573718,0.588055,-0.340762,-0.433566,0.591686,0.196451,-0.657037,0.713361,-0.144311,-0.0556746,0.727524,-0.0248533,-0.683368,0.0610214,0.717273,-0.0613967,-0.691394,0,0,0,0,-0.138121,0.655349,0.735263,-0.104056,-0.00609076,0.68246,0.0661566,0.727897,0.0277595,0.695818,0.0622767,0.714975,0,0,0,0,0.00721529,-0.0152907,0.99984,0.00589881,0,0,0,0,0,0,0,0,0,0,0,0,0,0,0,0,
0.0305342,-0.0163509,0.999159,0.0219662,0.0207891,-0.0165643,0.999409,0.0218057,0.0114133,-0.0130239,0.999745,-0.0145219,0,0,0,0,-0.118422,0.729631,-0.66692,0.0939868,-0.651544,0.751492,-0.0514496,-0.0900171,-0.552129,0.301115,-0.392433,0.671178,0.759238,-0.131687,0.235877,-0.592097,-0.101787,0.724638,0.676944,-0.0792864,-0.631942,0.759128,-0.0902126,0.127419,0.579636,-0.218817,-0.429495,0.65702,0.574076,-0.179634,-0.359666,0.713308,0.194856,-0.657101,0.714062,-0.142703,-0.0559085,0.726011,-0.0245852,-0.684966,0.060454,0.719456,-0.0598213,-0.689311,0,0,0,0,-0.139135,0.655858,0.734479,-0.105037,-0.00531476,0.684046,0.0651039,0.726508,0.0257087,0.692683,0.0669554,0.717667,0,0,0,0,0.0110858,-0.0151162,0.999806,0.00597506,0,0,0,0,0,0,0,0,0,0,0,0,0,0,0,0,
0.025829,-0.0167916,0.999281,0.0221113,0.0184541,-0.0169543,0.999444,0.0219867,0.0115024,-0.0136728,0.999739,-0.0142226,0,0,0,0,-0.123865,0.721368,-0.674109,0.0993103,-0.663786,0.740902,-0.050455,-0.0889207,-0.562355,0.324546,-0.392317,0.651548,0.781526,-0.13466,0.140422,-0.592761,-0.105147,0.705091,0.695926,-0.0864771,-0.630783,0.75985,-0.090914,0.128354,0.555772,-0.197802,-0.456161,0.666265,0.646156,-0.0992867,-0.392898,0.646727,0.192016,-0.657298,0.71528,-0.139509,-0.0577455,0.722562,-0.0235122,-0.688488,0.0604334,0.718764,-0.059933,-0.690024,0,0,0,0,-0.141155,0.656446,0.733257,-0.107183,-0.00465816,0.687403,0.0655716,0.723295,0.026055,0.693456,0.0667423,0.716928,0,0,0,0,0.0111664,-0.0156131,0.999795,0.00637729,0,0,0,0,0,0,0,0,0,0,0,0,0,0,0,0,
0.0235711,-0.0170297,0.999337,0.0218957,0.0184949,-0.0171407,0.999444,0.0218089,0.0138924,-0.0138419,0.999705,-0.0143027,0,0,0,0,-0.126119,0.714127,-0.680815,0.102991,-0.689081,0.716923,-0.100196,-0.0339064,-0.559896,0.321301,-0.378473,0.663355,0.718745,-0.207331,0.401713,-0.528248,-0.0936994,0.689023,0.712126,-0.0966693,-0.629927,0.740506,-0.143368,0.185172,0.534221,-0.179863,-0.524141,0.638383,0.55988,-0.032945,-0.280822,0.778838,0.190701,-0.657357,0.7158,-0.138366,-0.0582976,0.720929,-0.0231373,-0.690164,0.0602697,0.720169,-0.0589869,-0.688655,0,0,0,0,-0.142242,0.657068,0.732243,-0.108853,-0.00418469,0.689007,0.0658067,0.721748,0.0250731,0.692221,0.0660039,0.718223,0,0,0,0,0.0135577,-0.0156807,0.999765,0.00629704,0,0,0,0,0,0,0,0,0,0,0,0,0,0,0,0,
0.0182816,-0.017046,0.999454,0.0216022,0.0149857,-0.0171171,0.999509,0.0215458,0.0122022,-0.0137767,0.999727,-0.0144045,0,0,0,0,-0.122362,0.703718,-0.692306,0.102572,-0.693069,0.712105,-0.107118,-0.032969,-0.555115,0.312034,-0.38768,0.666473,0.776738,-0.165596,0.39452,-0.462179,-0.0926835,0.681136,0.719617,-0.0980542,-0.651462,0.741159,-0.104807,0.123679,0.540328,-0.192207,-0.491657,0.655268,0.647736,-0.0177701,-0.257915,0.71666,0.186768,-0.658208,0.716661,-0.135194,-0.0592675,0.717121,-0.0217097,-0.694085,0.0603094,0.7191,-0.0588053,-0.689782,0,0,0,0,-0.144733,0.657968,0.730473,-0.111979,-0.00342543,0.69279,0.0665223,0.718057,0.0245964,0.693257,0.0663381,0.717209,0,0,0,0,0.0118685,-0.0156291,0.999789,0.00610689,0,0,0,0,0,0,0,0,0,0,0,0,0,0,0,0,
0.0133665,-0.017145,0.999548,0.0207484,0.0125284,-0.0171624,0.999559,0.0207341,0.0122586,-0.0144853,0.999709,-0.0149151,0,0,0,0,0.110447,-0.695467,0.701043,-0.112538,-0.697453,0.709332,-0.0796724,-0.0637176,-0.602472,0.343405,-0.351476,0.628939,0.584098,-0.417837,0.435044,-0.543118,-0.0904659,0.674367,0.726249,-0.0980207,-0.652628,0.730561,-0.133366,0.150236,0.45954,-0.115656,-0.583832,0.659231,0.616759,0.113404,-0.169116,0.76036,0.182884,-0.658493,0.717895,-0.132539,-0.0605719,0.713499,-0.0196374,-0.697757,0.0602885,0.718605,-0.058725,-0.690307,0,0,0,0,-0.146768,0.657543,0.729978,-0.115018,-0.00319094,0.696294,0.0669128,0.714624,0.023598,0.693574,0.0669622,0.716878,0,0,0,0,0.0119188,-0.0160011,0.999784,0.00577333,0,0,0,0,0,0,0,0,0,0,0,0,0,0,0,0,
0.00980769,-0.0168648,0.999614,0.0198007,0.0092384,-0.016876,0.999619,0.0197911,0.00922252,-0.0144121,0.99974,-0.0150563,0,0,0,0,0.100312,-0.658685,0.73729,-0.111693,-0.695463,0.710056,-0.0993228,-0.0478165,-0.590445,0.351521,-0.348399,0.637516,0.641796,-0.343801,0.475292,-0.493959,-0.0888763,0.669224,0.731155,-0.0982493,-0.647432,0.727652,-0.151191,0.168806,0.453189,-0.123637,-0.593908,0.653152,0.661882,0.113842,-0.172418,0.720572,0.180417,-0.657546,0.71964,-0.131153,-0.0615391,0.710867,-0.0181974,-0.700392,0.0592502,0.71779,-0.0575846,-0.69134,0,0,0,0,-0.14839,0.657832,0.728937,-0.117846,-0.00319168,0.698855,0.0671338,0.712099,0.0405927,0.855733,0.0587316,0.512469,0,0,0,0,0.00889166,-0.0158406,0.999821,0.0052619,0,0,0,0,0,0,0,0,0,0,0,0,0,0,0,0,
0.0068613,-0.0167473,0.999647,0.0194473,0.00653337,-0.0167537,0.999649,0.0194418,0.00676012,-0.0142828,0.999758,-0.0152872,0,0,0,0,0.0940675,-0.645688,0.74998,-0.108481,-0.694956,0.710194,-0.103002,-0.045289,-0.557511,0.297471,-0.395171,0.666732,0.737946,-0.180178,0.358734,-0.542477,-0.0872821,0.66487,0.735376,-0.0977319,-0.654478,0.729777,-0.132443,0.146774,0.539204,-0.242743,-0.502518,0.630722,0.749174,-0.0421101,-0.294272,0.59192,0.17807,-0.657338,0.720746,-0.12932,-0.0618603,0.708736,-0.0171368,-0.702547,0.0594904,0.717218,-0.0561604,-0.69203,0,0,0,0,-0.149621,0.658021,0.72824,-0.11953,-0.00312862,0.700951,0.067495,0.710001,0.0240216,0.695257,0.0680845,0.715126,0,0,0,0,0.00643093,-0.0157341,0.999843,0.00494854,0,0,0,0,0,0,0,0,0,0,0,0,0,0,0,0,
0.00564472,-0.0167001,0.999658,0.0193378,0.00327149,-0.016746,0.999668,0.0192981,0.00141285,-0.0140367,0.999776,-0.0157581,0,0,0,0,0.080781,-0.635578,0.761767,-0.0960528,-0.697157,0.708854,-0.0871066,-0.0625387,-0.573144,0.289681,-0.392822,0.658241,0.697523,-0.1936,0.359806,-0.58866,-0.0796577,0.63881,0.759383,-0.0944126,-0.618611,0.729615,-0.180376,0.229014,0.537093,-0.274829,-0.514623,0.609232,0.730025,-0.0839334,-0.323073,0.596358,0.17708,-0.656989,0.721471,-0.128404,-0.0585613,0.708253,-0.0195226,-0.703254,0.0633133,0.714184,-0.0580563,-0.694667,0,0,0,0,-0.150064,0.658135,0.727949,-0.120121,-0.00308259,0.701814,0.0676223,0.709136,0.0395285,0.849935,0.0594065,0.522033,0,0,0,0,0.00107674,-0.0156659,0.999866,0.00461961,0,0,0,0,0,0,0,0,0,0,0,0,0,0,0,0,
-0.0014937,-0.0163616,0.999702,0.0180673,-0.0014242,-0.0163604,0.999702,0.0180685,-0.000804625,-0.0139661,0.999772,-0.0161228,0,0,0,0,0.0748508,-0.631379,0.766471,-0.0909933,-0.697736,0.708386,-0.0817651,-0.0683231,-0.574864,0.284437,-0.397171,0.656416,0.657858,-0.222046,0.403627,-0.595822,-0.0769338,0.633519,0.764328,-0.0923944,-0.613839,0.725477,-0.192098,0.244916,0.469535,-0.208188,-0.580082,0.632218,0.737904,0.0221558,-0.296319,0.605972,0.171021,-0.656935,0.723684,-0.124377,0.060161,-0.702971,0.0165574,0.708476,0.0624951,0.712881,-0.0576704,-0.69611,0,0,0,0,-0.152752,0.658619,0.726221,-0.12446,-0.00255627,0.706864,0.0685343,0.704017,0.0409199,0.835238,0.0569039,0.545403,0,0,0,0,-0.00113241,-0.0154506,0.999872,0.00402023,0,0,0,0,0,0,0,0,0,0,0,0,0,0,0,0,
-0.00262236,-0.0162987,0.999704,0.0178911,-0.00748719,-0.0163856,0.999679,0.0178116,-0.0119155,-0.0135631,0.999695,-0.0168667,0,0,0,0,0.0558505,-0.605059,0.790407,-0.0777191,-0.694952,0.710208,-0.101236,-0.0489567,-0.57178,0.292931,-0.376006,0.667741,0.647771,-0.255947,0.447088,-0.561245,-0.0777447,0.630206,0.767044,-0.0918697,-0.666823,0.730696,-0.103408,0.10362,0.394524,-0.13432,-0.598791,0.683929,0.811522,0.119786,-0.201461,0.535254,0.170366,-0.655834,0.724964,-0.12363,0.0605678,-0.702116,0.0159617,0.709303,0.0615982,0.708885,-0.0606418,-0.700008,0,0,0,0,-0.153156,0.659201,0.725468,-0.125274,-0.00252956,0.707656,0.06893,0.703182,0.0402131,0.832863,0.0569857,0.549067,0,0,0,0,-0.0122562,-0.015373,0.999801,0.00347359,0,0,0,0,0,0,0,0,0,0,0,0,0,0,0,0,
-0.00971968,-0.0167118,0.999664,0.0172786,-0.00515194,-0.0166327,0.999698,0.0173547,5.76009e-005,-0.0141799,0.99975,-0.017307,0,0,0,0,0.083812,-0.695223,0.70866,-0.0862615,0.701621,-0.701721,0.0317646,0.119614,0.631067,-0.270697,0.378272,-0.620796,-0.577518,0.334498,-0.447468,0.595279,-0.0762179,0.628409,0.768521,-0.0931019,-0.638941,0.704116,-0.20267,0.234309,0.348595,-0.107107,-0.669357,0.64728,0.649213,0.116873,-0.164224,0.733412,0.165201,-0.658088,0.724723,-0.120022,0.0626252,-0.696774,0.0143313,0.714408,0.0614289,0.708574,-0.0636176,-0.700073,0,0,0,0,-0.156626,0.658273,0.724834,-0.129462,-0.000784926,0.712552,0.0696519,0.698153,0.0354835,0.797843,0.0588135,0.598939,0,0,0,0,-0.000275669,-0.0153862,0.999876,0.00339749,0,0,0,0,0,0,0,0,0,0,0,0,0,0,0,0,
-0.00848038,-0.0174541,0.999663,0.0172593,-0.00122132,-0.0173284,0.999698,0.0173856,0.00675077,-0.014343,0.999727,-0.0171738,0,0,0,0,-0.103103,0.72941,-0.670897,0.085024,0.702171,-0.699789,0.0219257,0.129504,0.6188,-0.276294,0.40739,-0.612194,0.671821,-0.226796,0.406764,-0.575988,-0.0743212,0.626288,0.770342,-0.0938821,-0.599012,0.690918,-0.262139,0.308381,0.704886,-0.490099,-0.305957,0.411497,0.657868,0.0905098,-0.168598,0.728418,0.166763,-0.659003,0.723296,-0.121438,0.0655488,-0.697345,0.0160226,0.713552,0.0631943,0.710799,-0.0633788,-0.697678,0,0,0,0,-0.156611,0.656558,0.726424,-0.129276,-0.000565013,0.711633,0.0692375,0.699131,0.0257032,0.70181,0.0644347,0.708978,0,0,0,0,0.00642084,-0.0155799,0.999852,0.00331455,0,0,0,0,0,0,0,0,0,0,0,0,0,0,0,0,
-0.00816327,-0.0180164,0.999657,0.0171565,-0.00132627,-0.0178987,0.99969,0.0172793,0.00622022,-0.0156684,0.999723,-0.0164012,0,0,0,0,-0.106876,0.746169,-0.651843,0.0831202,0.702369,-0.69857,0.0156334,0.135769,-0.604851,0.24751,-0.435374,0.619147,0.668479,-0.17538,0.402479,-0.600324,-0.0771331,0.631741,0.765488,-0.0947788,-0.588719,0.68076,-0.28263,0.331806,0.335088,-0.120842,-0.693918,0.625772,0.652796,0.102511,-0.188967,0.726388,0.167514,-0.657708,0.724283,-0.121544,0.0659885,-0.697509,0.0165801,0.713338,0.0614635,0.709863,-0.0636024,-0.698765,0,0,0,0,-0.156395,0.657063,0.725938,-0.129703,-0.000384419,0.71137,0.0689362,0.699428,0.0363516,0.802,0.0603508,0.593155,0,0,0,0,0.00588152,-0.0164168,0.999839,0.00413045,0,0,0,0,0,0,0,0,0,0,0,0,0,0,0,0,
-0.0173414,-0.0184207,0.999543,0.0165718,-0.00562028,-0.0182251,0.999677,0.0167867,0.00693309,-0.0155064,0.999715,-0.0167641,0,0,0,0,-0.107791,0.750132,-0.647081,0.0834779,0.70243,-0.698104,0.0133144,0.138079,0.623554,-0.271666,0.411068,-0.60696,0.675253,-0.198422,0.375462,-0.603067,-0.0763244,0.630635,0.766456,-0.0949679,-0.629403,0.746091,-0.134381,0.170708,0.522695,-0.282045,-0.491789,0.636698,0.757057,-0.10524,-0.437557,0.473639,0.161219,-0.660155,0.724254,-0.11688,0.0690024,-0.690495,0.0151036,0.71988,0.062911,0.709393,-0.0682408,-0.698675,0,0,0,0,-0.161009,0.656153,0.724782,-0.135018,0.00171586,0.717653,0.0699255,0.69288,0.031828,0.764325,0.0624576,0.64101,0,0,0,0,0.00658403,-0.0166552,0.999833,0.00372409,0,0,0,0,0,0,0,0,0,0,0,0,0,0,0,0,
-0.0202042,-0.0187118,0.999491,0.0161235,-0.007195,-0.0185003,0.999669,0.0163657,0.0066775,-0.0154429,0.999714,-0.0169981,0,0,0,0,-0.106717,0.751163,-0.646089,0.0832806,0.702297,-0.699229,0.019183,0.132247,-0.5986,0.249971,-0.439123,0.621581,0.6666,-0.163527,0.380412,-0.619831,-0.0755409,0.629526,0.767402,-0.0953166,-0.613618,0.741672,-0.159388,0.219069,0.606282,-0.248055,-0.459078,0.600115,0.601333,-0.258141,-0.467899,0.593997,0.159309,-0.660265,0.724794,-0.115518,0.0700101,-0.688261,0.0140312,0.721941,0.0620485,0.708878,-0.0688229,-0.699218,0,0,0,0,-0.162462,0.655169,0.725,-0.136874,0.00130693,0.719568,0.0723069,0.690646,0.0400279,0.775335,0.0570368,0.627694,0,0,0,0,0.00633516,-0.0166516,0.999837,0.00299114,0,0,0,0,0,0,0,0,0,0,0,0,0,0,0,0,
-0.0219184,-0.0186491,0.999456,0.0161,-0.0100241,-0.0184562,0.999646,0.0163208,0.00270546,-0.0151387,0.999733,-0.0172725,0,0,0,0,-0.100425,0.749646,-0.649423,0.0787125,0.70171,-0.701939,0.0344046,0.117052,-0.600598,0.258978,-0.419426,0.629519,0.680044,-0.165567,0.35846,-0.617765,-0.0761764,0.629208,0.767615,-0.0951886,-0.612555,0.741716,-0.16067,0.22095,0.623583,-0.271305,-0.435907,0.589511,0.57978,-0.280899,-0.41941,0.639568,0.157711,-0.660281,0.725356,-0.11408,0.0703788,-0.686962,0.0134087,0.723153,0.0618684,0.707222,-0.0668393,-0.701101,0,0,0,0,-0.163031,0.655085,0.72485,-0.137391,0.00143844,0.72075,0.0723224,0.689411,0.0386722,0.784284,0.058423,0.616433,0,0,0,0,0.0023573,-0.0166029,0.999856,0.00269372,0,0,0,0,0,0,0,0,0,0,0,0,0,0,0,0,
-0.021704,-0.018438,0.999471,0.0157307,-0.0104442,-0.0182596,0.999652,0.0159374,0.00165999,-0.0142572,0.999714,-0.0191493,0,0,0,0,-0.0968932,0.745985,-0.654287,0.0776309,0.701323,-0.703082,0.0414152,0.110028,0.63386,-0.315948,0.357804,-0.608584,0.704453,-0.141376,0.243042,-0.651682,-0.0750533,0.627668,0.769037,-0.0947708,-0.611195,0.741796,-0.162224,0.2233,0.696707,-0.381491,-0.306583,0.524472,0.636247,-0.39596,-0.247877,0.613973,0.15801,-0.659806,0.725612,-0.11479,0.0685268,-0.687364,0.0145474,0.722926,0.0627745,0.707782,-0.0626245,-0.700844,0,0,0,0,-0.163038,0.655091,0.724767,-0.137796,0.000929484,0.720638,0.072228,0.689538,0.0384392,0.782215,0.0587262,0.619042,0,0,0,0,0.00128654,-0.0162648,0.999865,0.0019651,0,0,0,0,0,0,0,0,0,0,0,0,0,0,0,0,
-0.0228458,-0.0181073,0.999462,0.0150553,-0.0109251,-0.0179265,0.999663,0.0152702,0.00186009,-0.0133104,0.999704,-0.020259,0,0,0,0,-0.09761,0.741775,-0.658705,0.0796823,0.736864,-0.604647,0.301491,-0.0231795,-0.412834,0.180613,-0.510882,0.732084,-0.578121,0.021563,-0.223953,0.784319,-0.0755965,0.62737,0.769019,-0.0964482,-0.609723,0.742068,-0.163402,0.225548,0.74404,-0.477625,-0.162629,0.437984,0.637806,-0.529063,-0.0888757,0.552628,0.157204,-0.658428,0.727063,-0.114628,0.0690152,-0.686466,0.0135142,0.723753,0.0638395,0.707155,-0.0660181,-0.70107,0,0,0,0,-0.163368,0.655743,0.72385,-0.139117,0.000512733,0.721473,0.0720061,0.688688,0.0333466,0.727613,0.0617325,0.68239,0,0,0,0,0.00147467,-0.0158114,0.999873,0.00147798,0,0,0,0,0,0,0,0,0,0,0,0,0,0,0,0,
-0.0152913,-0.0169281,0.99964,0.014132,-0.00694248,-0.0168094,0.999733,0.0142729,0.00218252,-0.0127549,0.999688,-0.021374,0,0,0,0,-0.0996258,0.730498,-0.670298,0.0845494,0.734404,-0.611399,0.294443,-0.0120543,-0.494947,0.299313,-0.43397,0.690731,-0.516942,0.233922,-0.304407,0.765106,-0.079667,0.642274,0.755911,-0.0986703,-0.571541,0.696909,-0.260695,0.345973,0.598896,-0.51984,-0.390668,0.467406,-0.379463,0.503156,0.725749,-0.275918,0.16052,-0.657042,0.726865,-0.119147,0.067142,-0.692235,0.0152893,0.71838,0.0618591,0.708948,-0.0619356,-0.699807,0,0,0,0,-0.158596,0.655872,0.725591,-0.134897,-0.00300211,0.716454,0.0708411,0.694022,0.0431077,0.85445,0.0583037,0.514449,0,0,0,0,0.00178605,-0.0155203,0.999878,0.000948709,0,0,0,0,0,0,0,0,0,0,0,0,0,0,0,0,
-0.00407902,-0.0162821,0.999764,0.0137851,0.00290614,-0.0161854,0.999768,0.0138985,0.0106842,-0.0128428,0.99957,-0.0241101,0,0,0,0,-0.109256,0.720217,-0.678207,0.0968739,0.70981,-0.679728,0.182608,0.0281556,-0.522382,0.335447,-0.432339,0.653969,-0.51105,0.305396,-0.339349,0.728288,-0.0766367,0.643303,0.755248,-0.0994351,-0.526234,0.637937,-0.342562,0.445831,0.41095,-0.38572,-0.571752,0.596188,-0.304118,0.551962,0.713896,-0.305293,0.167649,-0.65196,0.728842,-0.125022,0.064788,-0.700606,0.01733,0.71039,0.0593593,0.712817,-0.0629079,-0.695996,0,0,0,0,-0.152455,0.656561,0.727334,-0.129116,-0.00713008,0.70878,0.0683998,0.702069,0.0456501,0.863127,0.0595399,0.499383,0,0,0,0,0.010267,-0.0156126,0.999825,-0.000542415,0,0,0,0,0,0,0,0,0,0,0,0,0,0,0,0,
0.00423748,-0.0141352,0.999804,0.0131748,0.0080679,-0.0140847,0.999781,0.0132289,0.0126735,-0.00957453,0.999431,-0.029755,0,0,0,0,-0.103677,0.70778,-0.691514,0.100532,-0.687805,0.706253,-0.163872,-0.0357238,-0.507986,0.328875,-0.427251,0.67175,-0.505772,0.329981,-0.425348,0.674083,-0.0713846,0.649827,0.750414,-0.0975088,-0.355958,0.494746,-0.4391,0.660085,-0.465353,0.491572,0.582123,-0.450485,-0.469167,0.489987,0.564996,-0.469655,0.173564,-0.645001,0.732738,-0.130173,-0.061177,0.706985,-0.0184779,-0.704335,0.0598026,0.715207,-0.0629316,-0.6935,0,0,0,0,-0.148137,0.661404,0.724338,-0.126233,-0.0181736,0.703133,0.0616116,0.708151,0.0521238,0.834712,0.0679488,0.543987,0,0,0,0,0.0122206,-0.0138443,0.999819,-0.00464812,0,0,0,0,0,0,0,0,0,0,0,0,0,0,0,0,
0.0116674,-0.0120123,0.999787,0.0120514,0.0119218,-0.0120092,0.999784,0.0120545,0.0128642,-0.00666216,0.999357,-0.0328124,0,0,0,0,0.0919733,-0.698805,0.700903,-0.109306,-0.669909,0.731517,-0.101636,-0.0759948,-0.486437,0.292789,-0.465459,0.678971,-0.376519,0.375604,-0.439143,0.724091,-0.0694637,0.661125,0.74084,-0.096145,-0.315477,0.440719,-0.46071,0.702842,-0.413002,0.502429,0.605516,-0.458634,-0.39873,0.519018,0.598805,-0.461592,0.17646,-0.644867,0.731206,-0.135447,-0.0592385,0.712482,-0.0193394,-0.698918,0.0615757,0.716476,-0.064218,-0.691916,0,0,0,0,-0.143455,0.661793,0.725643,-0.122041,-0.0448949,0.697211,0.0501211,0.713701,0.072386,0.905752,0.0644617,0.412576,0,0,0,0,0.0124126,-0.0119177,0.999824,-0.0075037,0,0,0,0,0,0,0,0,0,0,0,0,0,0,0,0,
0.020065,-0.0110895,0.999684,0.0102717,0.0175019,-0.0111158,0.999733,0.0102433,0.0155527,-0.00435817,0.999211,-0.0362742,0,0,0,0,0.0879043,-0.69395,0.705909,-0.111353,-0.627179,0.762091,-0.0402836,-0.155696,-0.465566,0.324118,-0.482262,0.667548,-0.471993,0.306812,-0.440251,0.699477,-0.0634868,0.671766,0.732218,-0.0925052,-0.300844,0.455135,-0.411619,0.730011,-0.422839,0.517412,0.624563,-0.404243,-0.443858,0.499212,0.611347,-0.424303,0.179489,-0.644835,0.729423,-0.141116,-0.0591474,0.718383,-0.0201153,-0.692837,0.0601854,0.720094,-0.0586755,-0.688766,0,0,0,0,-0.137923,0.662057,0.727054,-0.118533,-0.0621883,0.69017,0.0403638,0.71984,0.0774817,0.873412,0.0727155,0.475249,0,0,0,0,0.0151529,-0.00956421,0.999772,-0.0116163,0,0,0,0,0,0,0,0,0,0,0,0,0,0,0,0,
0.0338774,-0.00927485,0.999363,0.00636677,0.0234448,-0.0093408,0.999662,0.00626962,0.013453,-0.000429863,0.999056,-0.0413052,0,0,0,0,0.0756394,-0.690335,0.71156,-0.106762,-0.633181,0.764687,-0.114911,-0.0336357,-0.435873,0.345352,-0.449806,0.698871,-0.40621,0.368894,-0.451142,0.703833,-0.0658885,0.738764,0.666319,-0.076851,-0.463197,0.643032,-0.129062,0.596071,-0.496523,0.484702,0.560744,-0.451769,-0.43013,0.563585,0.497773,-0.499582,0.185162,-0.643894,0.726589,-0.152264,-0.0608358,0.727814,-0.0219111,-0.68272,0.0634459,0.721746,-0.058123,-0.686789,0,0,0,0,-0.128592,0.665806,0.725939,-0.114799,-0.0797862,0.678559,0.0333214,0.729439,0.083834,0.905802,0.0703731,0.409319,0,0,0,0,0.013139,-0.00541659,0.999748,-0.017375,0,0,0,0,0,0,0,0,0,0,0,0,0,0,0,0,
0.0433327,-0.00762958,0.999027,0.00299169,0.0300923,-0.00766855,0.999513,0.00289034,0.0171852,0.00105628,0.998859,-0.0445452,0,0,0,0,0.0703632,-0.689936,0.712621,-0.105865,-0.611901,0.770635,-0.173442,0.0402086,-0.42907,0.418731,-0.393939,0.696688,-0.43424,0.419708,-0.418758,0.678175,-0.0540502,0.740281,0.666308,-0.0713925,-0.398286,0.653866,-0.0321327,0.642492,-0.524607,0.528272,0.520748,-0.417779,-0.487093,0.569386,0.508667,-0.424025,0.187874,-0.643785,0.724282,-0.160188,-0.0601027,0.734363,-0.0220385,-0.675731,0.0595807,0.726012,-0.0490265,-0.68334,0,0,0,0,-0.120319,0.668684,0.725279,-0.111155,-0.0914874,0.670244,0.0289545,0.735911,0.0929442,0.904609,0.0700801,0.410041,0,0,0,0,0.0169542,-0.00308556,0.999628,-0.0211569,0,0,0,0,0,0,0,0,0,0,0,0,0,0,0,0,
0.0521031,-0.00410193,0.998632,-0.00187945,0.0603135,-0.00411724,0.998169,-0.00184565,0.0689172,0.0014606,0.996445,-0.0484381,0,0,0,0,-0.144118,0.713408,-0.666588,0.161057,-0.577497,0.80768,-0.0332517,-0.114212,-0.474371,0.483572,-0.375505,0.632554,-0.422834,0.517673,-0.355455,0.653359,-0.047607,0.747966,0.659404,-0.0588799,-0.49507,0.633266,-0.104115,0.585696,-0.31757,0.502687,0.595025,-0.54074,0.333352,-0.501552,-0.492494,0.628308,0.189965,-0.64323,0.721884,-0.170445,-0.0598125,0.740424,-0.025708,-0.66898,0.062591,0.756227,-0.0410043,-0.650017,0,0,0,0,-0.112924,0.668026,0.727481,-0.10845,-0.0975666,0.662754,0.0252205,0.742025,0.0564831,0.790679,0.080562,0.604273,0,0,0,0,0.0688879,-0.000824441,0.997305,-0.0252177,0,0,0,0,0,0,0,0,0,0,0,0,0,0,0,0,
0.0590743,4.91368e-005,0.998223,-0.00786852,0.0600063,4.17898e-005,0.998167,-0.00786856,0.0609408,0.00416467,0.996734,-0.0528166,0,0,0,0,-0.115942,0.708443,-0.680498,0.146931,-0.564073,0.814757,-0.0290941,-0.130944,-0.466731,0.492185,-0.372309,0.633484,-0.352234,0.55604,-0.300108,0.690424,-0.0322552,0.75109,0.657176,-0.0542452,-0.442967,0.643632,-0.00990637,0.624035,-0.35088,0.445318,0.627398,-0.533804,-0.24342,0.554406,0.521162,-0.601473,0.190055,-0.639981,0.722561,-0.179468,-0.0603658,0.745163,-0.0285085,-0.663532,0.0651403,0.751518,-0.0543241,-0.654237,0,0,0,0,-0.105657,0.667998,0.728763,-0.107329,-0.100889,0.656761,0.0226863,0.746975,0.0372632,0.771273,0.0810519,0.630222,0,0,0,0,0.0610031,0.00253566,0.997681,-0.0300748,0,0,0,0,0,0,0,0,0,0,0,0,0,0,0,0,
0.0691256,0.00321502,0.997498,-0.0144524,0.0747992,0.00313275,0.997089,-0.0144704,0.0803371,0.00479953,0.995053,-0.0582419,0,0,0,0,-0.126647,0.71511,-0.667656,0.163749,-0.544494,0.827733,-0.120026,-0.063065,0.50617,-0.667108,0.215513,-0.502307,-0.45322,0.70048,-0.221932,0.504643,-0.0160078,0.757166,0.651647,-0.0424154,-0.437551,0.631193,-0.0142743,0.640266,-0.295165,0.491952,0.613645,-0.542495,-0.254923,0.543351,0.521185,-0.606754,0.192317,-0.634622,0.724024,-0.189893,-0.0631134,0.751699,-0.0351245,-0.655539,0.0599976,0.761987,-0.0424358,-0.643409,0,0,0,0,-0.095997,0.668557,0.729864,-0.105428,-0.100889,0.648925,0.0191493,0.75389,-0.00794781,0.77693,0.0807933,0.624331,0,0,0,0,0.080516,0.00408928,0.996111,-0.0355354,0,0,0,0,0,0,0,0,0,0,0,0,0,0,0,0,
0.07113,0.00929986,0.997173,-0.0223482,0.0782533,0.00913994,0.99664,-0.0224141,0.0849556,0.0114514,0.994051,-0.067184,0,0,0,0,-0.104954,0.714808,-0.672679,0.159803,-0.509459,0.840519,-0.0769666,-0.167496,-0.421387,0.49607,-0.360045,0.668368,-0.329753,0.548994,-0.321204,0.697636,0.0107604,0.761253,0.647656,-0.0303268,-0.42399,0.617072,-0.0230453,0.662513,-0.267936,0.516051,0.606692,-0.542057,-0.193469,0.594058,0.502285,-0.597808,0.185779,-0.630614,0.727681,-0.195684,-0.0651989,0.753045,-0.0383667,-0.653606,0.0589987,0.764588,-0.0482732,-0.639996,0,0,0,0,-0.0896127,0.668704,0.730308,-0.107023,-0.10168,0.646629,0.0190763,0.755756,-0.00395429,0.826361,0.079545,0.557481,0,0,0,0,0.0853008,0.01063,0.995325,-0.0440342,0,0,0,0,0,0,0,0,0,0,0,0,0,0,0,0,
0.0758716,0.0143984,0.996617,-0.0281228,0.0799586,0.0142829,0.996297,-0.0281816,0.0833022,0.0148412,0.993902,-0.0707085,0,0,0,0,-0.0909785,0.71297,-0.677879,0.154521,-0.471484,0.856672,-0.0676285,-0.198095,-0.463099,0.694029,-0.237102,0.497639,-0.423201,0.714638,-0.209847,0.515905,0.0220626,0.762697,0.645821,-0.0268815,-0.40703,0.612576,-0.00734912,0.677513,-0.190635,0.536951,0.583695,-0.578483,-0.208987,0.533358,0.549829,-0.607899,0.183066,-0.628469,0.728289,-0.202755,-0.0695086,0.755981,-0.0419639,-0.649538,0.0589186,0.762418,-0.0579863,-0.641783,0,0,0,0,-0.0840254,0.667326,0.732267,-0.106772,-0.103586,0.642105,0.0198015,0.759328,-0.00663067,0.773503,0.071753,0.629683,0,0,0,0,0.0837769,0.0147485,0.995204,-0.0482915,0,0,0,0,0,0,0,0,0,0,0,0,0,0,0,0,
0.0762973,0.0272979,0.99596,-0.0386861,0.0838035,0.0270055,0.995357,-0.0388908,0.0900141,0.0277975,0.992182,-0.0818523,0,0,0,0,-0.0743839,0.715155,-0.676989,0.157181,-0.424902,0.879381,-0.118821,-0.178965,-0.387937,0.728937,-0.243116,0.508971,-0.293766,0.768772,-0.158435,0.545518,0.0464816,0.769052,0.637222,-0.0186085,-0.368646,0.487453,-0.0764096,0.787814,-0.29769,0.775943,0.475366,-0.288653,-0.353052,0.767127,0.389248,-0.367907,0.17227,-0.618352,0.737689,-0.209235,-0.0746636,0.756402,-0.0472377,-0.648113,0.0543742,0.764635,-0.0651211,-0.638855,0,0,0,0,-0.0770896,0.674128,0.72629,-0.110052,-0.0934949,0.641744,0.0190088,0.760961,0.000465624,0.745295,0.062523,0.663796,0,0,0,0,0.0908224,0.0276959,0.993724,-0.059129,0,0,0,0,0,0,0,0,0,0,0,0,0,0,0,0,
0.0775195,0.0341071,0.99541,-0.0445741,0.0847699,0.0337815,0.994819,-0.0448214,0.0903607,0.0333323,0.991515,-0.0872998,0,0,0,0,-0.0646875,0.712792,-0.680497,0.157055,-0.396729,0.89439,-0.193153,-0.0732394,-0.347836,0.788699,-0.204154,0.463989,-0.276551,0.815848,-0.131469,0.490539,0.0561282,0.774437,0.629933,-0.0167636,-0.360516,0.552981,-0.00397525,0.751149,-0.279705,0.803865,0.438534,-0.288537,-0.329739,0.784123,0.419295,-0.317198,0.167968,-0.611484,0.743079,-0.213792,-0.0781731,0.757147,-0.0543257,-0.64627,0.0499194,0.763657,-0.0735559,-0.639473,0,0,0,0,-0.0732821,0.678541,0.722232,-0.112219,-0.0897184,0.640517,0.020198,0.762418,0.00368218,0.742664,0.0551628,0.667379,0,0,0,0,0.0913541,0.0337946,0.993129,-0.0648553,0,0,0,0,0,0,0,0,0,0,0,0,0,0,0,0,
0.0862528,0.0375313,0.994289,-0.0504028,0.0931659,0.0371798,0.993665,-0.0506626,0.098142,0.0356597,0.990133,-0.0934469,0,0,0,0,-0.0614108,0.709652,-0.682591,0.163377,-0.35623,0.901048,-0.157292,-0.190975,-0.265637,0.670633,-0.282782,0.632236,-0.211843,0.689084,-0.19966,0.663643,0.0697637,0.779443,0.622494,-0.0101178,-0.342242,0.494006,-0.0364933,0.798434,-0.354291,0.860293,0.36124,-0.0622902,-0.322841,0.880523,0.342261,-0.0575305,0.169696,-0.604784,0.745695,-0.222214,-0.0790792,0.762722,-0.0630813,-0.638766,0.0451214,0.766311,-0.0781755,-0.636098,0,0,0,0,-0.0645627,0.681887,0.720093,-0.111036,-0.0846917,0.63402,0.0172873,0.76847,0.00608868,0.738417,0.0536975,0.672175,0,0,0,0,0.0992741,0.0365288,0.991862,-0.070851,0,0,0,0,0,0,0,0,0,0,0,0,0,0,0,0,
0.0924363,0.0456122,0.992913,-0.0591463,0.0959591,0.045402,0.992579,-0.0593078,0.0970337,0.0460981,0.988583,-0.105656,0,0,0,0,-0.0395348,0.704712,-0.690228,0.159383,-0.324704,0.904565,-0.177068,-0.212077,-0.300861,0.820768,-0.202508,0.441377,-0.210932,0.85269,-0.110918,0.464891,0.090279,0.783932,0.614204,-0.00734472,-0.31676,0.428637,-0.0434137,0.845014,-0.231326,0.845173,0.428773,-0.219827,-0.236315,0.857306,0.3914,-0.236618,0.165478,-0.597626,0.749664,-0.231224,-0.079428,0.767114,-0.0656869,-0.633177,0.106521,0.98697,-0.0328034,0.116046,0,0,0,0,-0.0555287,0.685569,0.717259,-0.111589,-0.0797808,0.628694,0.0144393,0.773415,0.00506997,0.736266,0.0519279,0.674678,0,0,0,0,0.0984358,0.0463624,0.990688,-0.0818477,0,0,0,0,0,0,0,0,0,0,0,0,0,0,0,0,
0.0948507,0.0550394,0.99179,-0.0657803,0.0963612,0.0549391,0.991644,-0.0658641,0.0949608,0.0557058,0.987633,-0.111624,0,0,0,0,-0.0326158,0.698539,-0.696152,0.162333,-0.290234,0.913189,-0.204425,-0.200151,-0.248042,0.806619,-0.211897,0.492889,-0.195102,0.824981,-0.138205,0.512094,0.0940864,0.792441,0.602536,-0.0116321,-0.302758,0.383044,-0.0475119,0.871411,-0.311742,0.879547,0.358212,0.0299576,-0.272026,0.911376,0.307186,0.0321343,0.15943,-0.592443,0.753152,-0.237395,-0.0805501,0.769139,-0.067246,-0.630409,0.0439246,0.762212,-0.102994,-0.63757,0,0,0,0,-0.050777,0.68833,0.714801,-0.112615,-0.0770617,0.62573,0.0134553,0.776107,0.00544841,0.726349,0.0473932,0.685669,0,0,0,0,0.0966171,0.0564587,0.989769,-0.0885123,0,0,0,0,0,0,0,0,0,0,0,0,0,0,0,0,
0.096449,0.0635762,0.9906,-0.0732597,0.0982089,0.063446,0.990427,-0.0733726,0.0965826,0.0619726,0.986409,-0.117593,0,0,0,0,0.0284935,-0.692857,0.699841,-0.171347,-0.255303,0.917695,-0.23568,-0.192644,-0.214889,0.829116,-0.198995,0.476225,-0.145406,0.851059,-0.122429,0.489455,0.0981617,0.80151,0.589709,-0.0137765,-0.302134,0.497859,0.0380399,0.812037,-0.444358,0.657039,0.0527893,0.606679,-0.390854,0.667144,0.0730108,0.629938,0.153307,-0.585566,0.7579,-0.243304,-0.0818828,0.770534,-0.0714855,-0.628063,0.0404207,0.762499,-0.106883,-0.636818,0,0,0,0,-0.0458303,0.692238,0.710946,-0.115157,-0.0778333,0.622922,0.0155606,0.778247,0.0102781,0.737656,0.0398538,0.673921,0,0,0,0,0.0984545,0.0633808,0.988567,-0.0949976,0,0,0,0,0,0,0,0,0,0,0,0,0,0,0,0,
0.0981151,0.0689771,0.989682,-0.0783907,0.102538,0.0686261,0.989234,-0.0786982,0.103269,0.0662656,0.984798,-0.122957,0,0,0,0,0.0285568,-0.688568,0.701961,-0.179747,-0.221403,0.924892,-0.253763,-0.176522,-0.184986,0.874388,-0.181472,0.410235,-0.110471,0.895893,-0.100953,0.418307,0.107078,0.803543,0.585425,-0.0114435,-0.290824,0.40742,0.00810959,0.865659,0.0777755,0.641019,0.424915,-0.634423,0.0535699,0.648115,0.379862,-0.657861,0.150192,-0.581421,0.760039,-0.248461,-0.080306,0.77207,-0.0729645,-0.626207,0.0414822,0.797361,-0.108889,-0.592147,0,0,0,0,-0.0435499,0.692831,0.710131,-0.117489,-0.0779698,0.620522,0.0148668,0.780162,0.0128175,0.734244,0.0368814,0.677762,0,0,0,0,0.105309,0.0678835,0.987034,-0.100329,0,0,0,0,0,0,0,0,0,0,0,0,0,0,0,0,
0.0958712,0.0788225,0.988525,-0.0861085,0.100793,0.0783927,0.988035,-0.0864999,0.101529,0.0778893,0.982843,-0.132832,0,0,0,0,0.0123061,-0.681865,0.709731,-0.17661,-0.195906,0.923648,-0.267983,-0.191523,-0.104944,0.738627,-0.216839,0.629601,-0.0269173,0.758584,-0.104137,0.642637,0.122335,0.805109,0.580237,-0.0125629,-0.278375,0.536031,0.0934839,0.791479,0.0705764,0.643902,0.392818,-0.652766,0.0458763,0.635595,0.398406,-0.659687,0.140512,-0.576125,0.764494,-0.252753,-0.0805102,0.771503,-0.0734258,-0.626825,0.0344051,0.76349,-0.117025,-0.634196,0,0,0,0,-0.041162,0.695614,0.706794,-0.121939,-0.0770592,0.620526,0.0150744,0.780245,0.0165499,0.735851,0.0330811,0.676132,0,0,0,0,0.10385,0.0789501,0.985381,-0.109574,0,0,0,0,0,0,0,0,0,0,0,0,0,0,0,0,
0.0960663,0.0853335,0.987463,-0.0916868,0.0994199,0.0850215,0.987131,-0.0919762,0.098233,0.0827284,0.982279,-0.136506,0,0,0,0,0.00339727,-0.680291,0.711949,-0.174128,-0.169775,0.930853,-0.28333,-0.156246,-0.111468,0.855654,-0.18478,0.470413,-0.0227041,0.877243,-0.0834145,0.472199,0.126944,0.815035,0.565189,-0.0128198,-0.269042,0.585867,0.126003,0.753989,0.0641338,0.642623,0.384042,-0.659875,0.0880207,0.65876,0.351259,-0.659473,0.135058,-0.571104,0.768007,-0.256446,-0.0819577,0.771964,-0.0769671,-0.625644,0.0345707,0.762012,-0.118129,-0.635758,0,0,0,0,-0.0379265,0.698515,0.7037,-0.124274,-0.0750548,0.619319,0.0139387,0.78142,0.0182584,0.749348,0.0307413,0.661211,0,0,0,0,0.100729,0.0847171,0.984717,-0.114056,0,0,0,0,0,0,0,0,0,0,0,0,0,0,0,0,
0.0951847,0.0922983,0.986244,-0.0987095,0.0996978,0.0918456,0.985798,-0.099131,0.0991971,0.0890362,0.980469,-0.144612,0,0,0,0,-0.00765011,-0.67588,0.716134,-0.17401,-0.147387,0.929711,-0.295201,-0.163616,-0.100033,0.887367,-0.174782,0.414758,-0.0229099,0.90612,-0.0662905,0.417167,0.14055,0.819049,0.556128,-0.0112003,-0.252058,0.607017,0.143993,0.739772,-0.0842584,-0.59075,-0.372997,0.710485,-0.112473,-0.612384,-0.322502,0.712972,0.127963,-0.564632,0.772773,-0.260073,-0.0773966,0.772603,-0.0743844,-0.625748,0.0281736,0.76138,-0.125936,-0.635332,0,0,0,0,-0.0354091,0.703598,0.698466,-0.125867,-0.0721953,0.618913,0.0128134,0.782029,0.018724,0.726913,0.0271366,0.685938,0,0,0,0,0.101924,0.0910804,0.983097,-0.1218,0,0,0,0,0,0,0,0,0,0,0,0,0,0,0,0,
0.0947745,0.0988761,0.985103,-0.103986,0.0982161,0.0985121,0.984766,-0.104331,0.0963407,0.0956264,0.979431,-0.149293,0,0,0,0,-0.0139011,-0.673086,0.71845,-0.174903,-0.131,0.925819,-0.305148,-0.18051,-0.0791238,0.871692,-0.17568,0.450588,0.0167623,0.892146,-0.0453681,0.449151,0.142889,0.826734,0.54395,-0.0145707,-0.23797,0.633203,0.164417,0.717908,0.0598885,0.653924,0.356738,-0.664481,0.033806,0.652314,0.339686,-0.676725,0.122215,-0.560628,0.775414,-0.263613,-0.0742641,0.773332,-0.0726531,-0.625431,0.0174765,0.759127,-0.131225,-0.637338,0,0,0,0,-0.0338035,0.704731,0.696939,-0.128405,-0.0711475,0.617908,0.0123205,0.782928,0.0202448,0.708134,0.0239244,0.705382,0,0,0,0,0.0992281,0.0978333,0.982101,-0.126729,0,0,0,0,0,0,0,0,0,0,0,0,0,0,0,0,
0.0927438,0.104131,0.984326,-0.107967,0.0971699,0.103645,0.983899,-0.108434,0.0960348,0.100429,0.978369,-0.153252,0,0,0,0,-0.0174652,-0.665753,0.724744,-0.176673,-0.116432,0.922571,-0.308499,-0.200338,-0.0675271,0.872006,-0.171945,0.4533,0.0420051,0.89289,-0.0312089,0.447224,0.14709,0.83012,0.537597,-0.0159919,-0.23127,0.635417,0.167455,0.717439,0.0573621,0.654015,0.354488,-0.665817,0.0222573,0.652836,0.323846,-0.684422,0.117215,-0.556727,0.778358,-0.26547,-0.0706951,0.773001,-0.0698479,-0.626573,0.0145448,0.757246,-0.142484,-0.637233,0,0,0,0,-0.0337077,0.70668,0.694411,-0.131379,-0.0715011,0.61816,0.0119369,0.782702,0.0212675,0.649123,0.0229235,0.76004,0,0,0,0,0.0990604,0.10279,0.981075,-0.130821,0,0,0,0,0,0,0,0,0,0,0,0,0,0,0,0,
0.0897272,0.108091,0.983734,-0.111953,0.0961563,0.107357,0.983126,-0.112658,0.0968386,0.101669,0.977765,-0.155763,0,0,0,0,-0.0202764,-0.659643,0.730072,-0.177355,-0.100798,0.92221,-0.32446,-0.184644,-0.0476421,0.848373,-0.164656,0.500881,0.0471429,0.865605,-0.029597,0.497624,0.152499,0.831603,0.533809,-0.0150883,-0.221328,0.643525,0.174809,0.71157,-0.0794259,-0.589535,-0.349651,0.723799,-0.020422,-0.592566,-0.303198,0.746002,0.112024,-0.552076,0.782229,-0.266046,-0.077043,0.770709,-0.0784447,-0.62763,0.00962207,0.760127,-0.130095,-0.636545,0,0,0,0,-0.0332894,0.709606,0.69073,-0.135067,-0.0687486,0.62003,0.0108981,0.781484,0.0253949,0.64869,0.020722,0.760347,0,0,0,0,0.0999554,0.104651,0.980384,-0.133805,0,0,0,0,0,0,0,0,0,0,0,0,0,0,0,0,
0.0931527,0.113,0.982487,-0.115205,0.0988471,0.11233,0.981931,-0.115858,0.0987197,0.109515,0.97605,-0.159957,0,0,0,0,-0.0270369,-0.654863,0.734513,-0.175827,-0.0933966,0.918242,-0.327601,-0.201957,-0.0492017,0.867602,-0.162141,0.467501,0.0678131,0.88644,-0.0127017,0.457672,0.16292,0.83221,0.529839,-0.0124241,-0.211961,0.672554,0.192604,0.682384,0.0459752,0.637545,0.346864,-0.686373,0.00310766,-0.630256,-0.302131,0.715182,0.111391,-0.549055,0.782609,-0.271393,-0.0777715,0.772975,-0.0829473,-0.624164,0.0169149,0.759434,-0.141123,-0.634869,0,0,0,0,-0.0315042,0.709584,0.690845,-0.135025,-0.0720353,0.615557,0.0128921,0.784687,0.0312416,0.754787,0.0140319,0.655075,0,0,0,0,0.101926,0.111544,0.97889,-0.137632,0,0,0,0,0,0,0,0,0,0,0,0,0,0,0,0,
0.094121,0.117245,0.981472,-0.118774,0.0979581,0.11678,0.981097,-0.119231,0.0956789,0.113072,0.975513,-0.162589,0,0,0,0,-0.0285406,-0.650681,0.737533,-0.178449,-0.0864084,0.911545,-0.336017,-0.220707,0.16164,-0.429876,-0.0517645,0.886792,0.0101896,-0.418039,0.06773,0.905843,0.160303,0.836834,0.523161,-0.0177187,-0.197714,0.676626,0.193131,0.682486,-0.0494858,-0.608263,-0.339711,0.715656,0.0261069,-0.592502,-0.338886,0.730354,0.10858,-0.545611,0.784361,-0.274402,-0.0789227,0.773795,-0.0860507,-0.622582,0.0164689,0.758626,-0.137433,-0.636653,0,0,0,0,-0.0294923,0.710862,0.689393,-0.136171,-0.074877,0.613038,0.013553,0.786381,0.0290108,0.649948,0.017281,0.759228,0,0,0,0,0.0990308,0.115713,0.978283,-0.14059,0,0,0,0,0,0,0,0,0,0,0,0,0,0,0,0,
0.0965271,0.119567,0.980563,-0.121995,0.0993335,0.119217,0.980282,-0.122337,0.0957833,0.11444,0.974911,-0.165159,0,0,0,0,-0.0318684,-0.645718,0.74184,-0.178062,-0.0808602,0.908575,-0.343005,-0.224276,0.159797,-0.445756,-0.0472681,0.879507,0.0182608,-0.437352,0.0588672,0.897176,0.165245,0.836012,0.522934,-0.0178035,-0.190837,0.687122,0.193351,0.67384,-0.0421016,-0.611382,-0.332122,0.717031,0.0476008,-0.589913,-0.340867,0.730443,0.108037,-0.541908,0.785766,-0.277912,-0.0816219,0.775161,-0.090576,-0.619887,0.0168596,0.759027,-0.136465,-0.636374,0,0,0,0,-0.0267467,0.712047,0.688112,-0.137024,-0.0752826,0.610102,0.0116107,0.788653,0.0320921,0.649893,0.0171677,0.759154,0,0,0,0,0.0992437,0.117476,0.977669,-0.143222,0,0,0,0,0,0,0,0,0,0,0,0,0,0,0,0,
0.0917729,0.121225,0.98054,-0.12419,0.0961315,0.120671,0.980123,-0.124728,0.0939677,0.115962,0.974306,-0.168672,0,0,0,0,-0.0346705,-0.640191,0.746322,-0.178763,-0.0754709,0.906532,-0.345951,-0.229831,0.159283,-0.461369,-0.0406059,0.871848,0.0218386,-0.453975,0.0591807,0.888778,0.166804,0.835179,0.523639,-0.0213206,-0.182016,0.693819,0.195476,0.668785,-0.0490175,-0.579325,-0.325525,0.745663,0.0541239,-0.547256,-0.356081,0.755505,0.1049,-0.538104,0.789017,-0.277296,-0.0837731,0.772509,-0.0898469,-0.623008,0.0146768,0.757744,-0.139449,-0.637309,0,0,0,0,-0.0296872,0.712506,0.686659,-0.141258,-0.0763949,0.613178,0.0126617,0.78614,0.0349033,0.651008,0.015667,0.758106,0,0,0,0,0.0975471,0.119011,0.977205,-0.146259,0,0,0,0,0,0,0,0,0,0,0,0,0,0,0,0,
0.0891883,0.122735,0.980399,-0.125697,0.0930746,0.122236,0.980038,-0.126182,0.0904169,0.116475,0.974558,-0.168804,0,0,0,0,-0.0371115,-0.637956,0.748643,-0.176546,-0.0743627,0.902943,-0.348178,-0.2407,0.162222,-0.467684,-0.038703,0.868019,0.0218611,-0.46677,0.0400575,0.8832,0.164988,0.835932,0.522882,-0.0243248,-0.173882,0.696543,0.195589,0.668086,-0.0616951,-0.532084,-0.319553,0.781643,0.0656348,-0.488536,-0.366733,0.789007,0.101218,-0.537714,0.790063,-0.27644,-0.0846975,0.770926,-0.0914038,-0.624615,0.01394,0.755932,-0.139585,-0.639444,0,0,0,0,-0.0300807,0.713479,0.685234,-0.14317,-0.0744753,0.615191,0.0119906,0.784761,0.0358007,0.653165,0.0141415,0.756236,0,0,0,0,0.0939881,0.119778,0.977381,-0.146785,0,0,0,0,0,0,0,0,0,0,0,0,0,0,0,0,
0.0863014,0.123486,0.980456,-0.126527,0.0916221,0.122797,0.979973,-0.127195,0.0904322,0.116371,0.974493,-0.169246,0,0,0,0,-0.0370221,-0.637085,0.749166,-0.177486,-0.0736263,0.899736,-0.350576,-0.249299,0.162411,-0.452608,-0.0431503,0.875732,0.0283675,-0.459555,0.00571787,0.887678,0.165009,0.836348,0.522183,-0.0248883,-0.169296,0.705422,0.195428,0.659944,-0.0635592,-0.509228,-0.313427,0.799006,0.0937262,-0.458033,-0.367361,0.804032,0.0983375,-0.537797,0.790781,-0.275263,-0.0864179,0.768935,-0.0937353,-0.626485,0.0138881,0.723563,-0.139457,-0.675881,0,0,0,0,-0.0314524,0.713705,0.684536,-0.145073,-0.0730665,0.617534,0.0113657,0.783061,0.0387698,0.653149,0.0132719,0.75612,0,0,0,0,0.0939942,0.119775,0.977284,-0.147428,0,0,0,0,0,0,0,0,0,0,0,0,0,0,0,0,
0.0844954,0.123592,0.980529,-0.127078,0.0903222,0.122835,0.980009,-0.127811,0.0896994,0.116239,0.974541,-0.169445,0,0,0,0,-0.0378615,-0.636422,0.749835,-0.176865,-0.0733476,0.899322,-0.350332,-0.251213,0.159734,-0.424065,-0.0500617,0.890027,0.0425495,-0.4409,-0.0502822,0.895136,0.165142,0.836582,0.521744,-0.0253161,-0.164199,0.714371,0.195375,0.651569,-0.043916,-0.534291,-0.312279,0.784274,0.101715,-0.478883,-0.384389,0.782669,0.0969115,-0.537677,0.791242,-0.274675,-0.087791,0.767623,-0.0954447,-0.627644,0.0170668,0.741997,-0.139206,-0.65557,0,0,0,0,-0.0326502,0.713601,0.684271,-0.146564,-0.0723644,0.619077,0.0114678,0.781905,0.0399325,0.653571,0.0138809,0.755683,0,0,0,0,0.0932424,0.119645,0.977325,-0.147736,0,0,0,0,0,0,0,0,0,0,0,0,0,0,0,0,
0.0852044,0.123245,0.980463,-0.127447,0.0903725,0.122571,0.98,-0.128095,0.089141,0.116084,0.974628,-0.169346,0,0,0,0,-0.0378267,-0.636717,0.749578,-0.176898,-0.0747778,0.898195,-0.348186,-0.257723,0.160756,-0.447454,-0.0500349,0.878316,0.0369755,-0.476628,-0.0962983,0.873032,0.164161,0.836036,0.52288,-0.0263052,-0.16273,0.720673,0.193442,0.645546,-0.0740416,-0.449246,-0.300493,0.838093,0.0774229,-0.375614,-0.417273,0.823895,0.0971524,-0.537963,0.7908,-0.275304,-0.0876602,0.767889,-0.0970633,-0.627089,0.0151388,0.741205,-0.135791,-0.657226,0,0,0,0,-0.0321693,0.713138,0.684772,-0.146584,-0.0721346,0.618603,0.0113225,0.782303,0.0412809,0.653962,0.0128037,0.755291,0,0,0,0,0.092663,0.119451,0.97741,-0.147696,0,0,0,0,0,0,0,0,0,0,0,0,0,0,0,0,
0.0857491,0.122838,0.980436,-0.127687,0.0906016,0.122204,0.979999,-0.128293,0.0890968,0.115745,0.974686,-0.169268,0,0,0,0,-0.037235,-0.63604,0.750073,-0.177363,-0.078923,0.895069,-0.347102,-0.268596,0.157294,-0.421974,-0.0676598,0.890291,0.0481526,-0.455898,-0.151897,0.875652,0.163541,0.835553,0.52382,-0.0268099,-0.16118,0.72613,0.193421,0.6398,-0.0583502,-0.481431,-0.301054,0.821088,0.0995721,-0.387504,-0.462443,0.791248,0.097073,-0.538297,0.790549,-0.275401,-0.0869704,0.76812,-0.0980613,-0.626747,0.0149349,0.757028,-0.127485,-0.64065,0,0,0,0,-0.0310978,0.713096,0.684924,-0.146311,-0.0723775,0.618118,0.0106784,0.782674,0.0441663,0.653934,0.0108792,0.755183,0,0,0,0,0.0926022,0.119091,0.977466,-0.147654,0,0,0,0,0,0,0,0,0,0,0,0,0,0,0,0,
0.0857119,0.122722,0.980457,-0.127656,0.0905797,0.122086,0.98002,-0.128264,0.089112,0.115661,0.974714,-0.169157,0,0,0,0,-0.0370304,-0.636143,0.749972,-0.17746,-0.0829881,0.892759,-0.345617,-0.276846,0.152148,-0.399853,-0.085165,0.899842,0.0497185,-0.434879,-0.183648,0.88016,0.163272,0.83508,0.524646,-0.0270255,-0.161854,0.732472,0.193529,0.632324,-0.0518667,-0.491224,-0.299973,0.816104,0.104593,-0.379542,-0.500484,0.771054,0.0973251,-0.538143,0.790591,-0.275492,-0.0862163,0.767992,-0.0990205,-0.626857,0.0152092,0.756818,-0.128637,-0.640662,0,0,0,0,-0.0314002,0.713102,0.684864,-0.146496,-0.072545,0.61821,0.0114391,0.782575,0.0442802,0.653973,0.00968242,0.755159,0,0,0,0,0.0926073,0.118974,0.977495,-0.147557,0,0,0,0,0,0,0,0,0,0,0,0,0,0,0,0,
0.0850425,0.122538,0.980583,-0.127315,0.0904681,0.121832,0.980097,-0.127991,0.0896326,0.114824,0.974961,-0.168024,0,0,0,0,-0.0365528,-0.636748,0.749575,-0.177068,-0.0893081,0.888589,-0.343852,-0.290171,0.14925,-0.421513,-0.104487,0.888332,0.0552021,-0.45567,-0.213425,0.862419,0.163366,0.833226,0.527578,-0.0266153,-0.163728,0.742525,0.193963,0.619861,-0.0284805,-0.545569,-0.299483,0.78221,0.134691,-0.416126,-0.531427,0.725454,0.0971406,-0.538613,0.790476,-0.274969,-0.0857031,0.767554,-0.0989148,-0.627481,0.0151584,0.757138,-0.127348,-0.640543,0,0,0,0,-0.0321422,0.712838,0.685067,-0.146668,-0.0720985,0.618937,0.0116598,0.782038,0.0416274,0.653881,0.0106396,0.755377,0,0,0,0,0.0930953,0.118463,0.977605,-0.146926,0,0,0,0,0,0,0,0,0,0,0,0,0,0,0,0,
0.0848794,0.121904,0.980742,-0.126809,0.0902729,0.121205,0.98026,-0.127478,0.0894256,0.112492,0.975591,-0.166045,0,0,0,0,-0.0348952,-0.63807,0.748623,-0.176672,-0.0957198,0.885106,-0.343274,-0.299313,0.165136,-0.597227,-0.0998185,0.778515,0.101542,-0.619886,-0.210557,0.749064,0.161125,0.831221,0.531399,-0.0269294,-0.165488,0.748654,0.197255,0.610918,-0.0421706,0.700123,0.299858,-0.646633,-0.266586,0.558353,0.509745,-0.597774,0.0976336,-0.538953,0.790326,-0.274558,-0.0854263,0.767365,-0.0989763,-0.62774,0.0152957,0.75693,-0.126927,-0.640869,0,0,0,0,-0.0326553,0.712389,0.685528,-0.146583,-0.072286,0.619202,0.0117207,0.781809,0.0422999,0.654085,0.0110233,0.755157,0,0,0,0,0.0928577,0.116673,0.978067,-0.145427,0,0,0,0,0,0,0,0,0,0,0,0,0,0,0,0,
0.084885,0.119729,0.981158,-0.125654,0.0908852,0.118958,0.98062,-0.126384,0.0907499,0.107528,0.976592,-0.162699,0,0,0,0,-0.031841,-0.641318,0.746164,-0.17589,-0.101616,0.883144,-0.342539,-0.303972,-0.192671,0.809636,0.0700595,-0.549963,-0.170461,0.80213,0.214102,-0.530745,0.159586,0.82753,0.537682,-0.0249869,-0.17242,0.753794,0.201997,0.601051,-0.0624641,0.723261,0.304514,-0.616655,-0.31058,0.593874,0.473782,-0.571301,0.0991513,-0.539875,0.789835,-0.273615,-0.0849735,0.767135,-0.0989607,-0.628084,0.0159435,0.757413,-0.126895,-0.640288,0,0,0,0,-0.0329512,0.711896,0.686092,-0.146274,-0.072317,0.61976,0.0118841,0.781362,0.0433751,0.653332,0.0115466,0.75574,0,0,0,0,0.0940874,0.112325,0.97886,-0.142701,0,0,0,0,0,0,0,0,0,0,0,0,0,0,0,0,
0.083961,0.116169,0.982011,-0.12292,0.0899757,0.115413,0.981478,-0.12363,0.0902455,0.102836,0.977995,-0.157501,0,0,0,0,-0.0284309,-0.645802,0.743242,-0.172406,-0.108446,0.883383,-0.336042,-0.30814,0.114977,-0.418614,-0.189971,0.880598,0.0426466,-0.442536,-0.276045,0.85214,0.154864,0.822663,0.546516,-0.0237427,-0.180957,0.748543,0.202517,0.604918,-0.0923026,0.751066,0.313926,-0.573437,-0.338188,0.627594,0.454159,-0.534317,0.101644,-0.541757,0.78908,-0.271148,-0.081962,0.766307,-0.0976477,-0.6297,0.0149262,0.756601,-0.127875,-0.641077,0,0,0,0,-0.0349084,0.710986,0.687033,-0.145833,-0.0723123,0.62151,0.0125757,0.779961,0.0415268,0.653819,0.0114643,0.755424,0,0,0,0,0.0933794,0.107448,0.980174,-0.137818,0,0,0,0,0,0,0,0,0,0,0,0,0,0,0,0,
0.0825985,0.109274,0.983374,-0.119218,0.0893738,0.10845,0.982781,-0.119968,0.090728,0.093996,0.979658,-0.152327,0,0,0,0,-0.0216782,-0.652211,0.73798,-0.17186,-0.113597,0.887064,-0.331344,-0.300709,-0.167779,0.720475,0.169642,-0.651143,-0.15782,0.71041,0.267219,-0.631668,0.148021,0.820311,0.551998,-0.0218475,-0.195559,0.746606,0.214817,0.598489,-0.154386,0.778291,0.328071,-0.512638,-0.319654,0.698615,0.39768,-0.501606,0.105363,-0.545234,0.787505,-0.267309,-0.0811182,0.76481,-0.0969993,-0.631725,0.0190676,0.756227,-0.130243,-0.640932,0,0,0,0,-0.0368692,0.709123,0.68891,-0.145563,-0.0726641,0.624235,0.013324,0.777736,0.0403611,0.653475,0.0103665,0.7558,0,0,0,0,0.0936579,0.0986069,0.981798,-0.132584,0,0,0,0,0,0,0,0,0,0,0,0,0,0,0,0,
0.0813164,0.103234,0.984625,-0.115086,0.0870823,0.102558,0.984131,-0.115689,0.0877851,0.088333,0.98121,-0.147371,0,0,0,0,-0.0198193,-0.651996,0.739761,-0.165108,-0.120029,0.888822,-0.313318,-0.312121,-0.169032,0.724632,0.20084,-0.637181,-0.149395,0.705944,0.327124,-0.610176,0.143172,0.816918,0.55833,-0.0203276,-0.202597,0.756374,0.23176,0.577182,-0.186334,0.782317,0.327784,-0.4958,-0.340082,0.697744,0.419145,-0.470972,0.108671,-0.549384,0.78553,-0.263268,-0.0792164,0.763561,-0.0952478,-0.633741,0.00862957,0.709652,-0.132078,-0.692008,0,0,0,0,-0.0392285,0.706086,0.692136,-0.144399,-0.0705626,0.62711,0.0127305,0.775624,0.0389109,0.654704,0.0118814,0.754789,0,0,0,0,0.0905128,0.092422,0.983391,-0.127309,0,0,0,0,0,0,0,0,0,0,0,0,0,0,0,0,
0.0798048,0.0964706,0.98594,-0.110667,0.0880333,0.0955433,0.985239,-0.111469,0.0913128,0.0771958,0.982708,-0.141375,0,0,0,0,-0.0160039,-0.659211,0.73445,-0.160521,-0.126783,0.888389,-0.301252,-0.322394,0.0873594,-0.508284,-0.286198,0.807531,0.0233438,-0.523851,-0.389953,0.756949,0.14436,0.800108,0.58203,-0.0150847,-0.210836,0.749507,0.226674,0.585155,-0.21565,0.774422,0.337915,-0.489468,-0.319917,0.71165,0.416618,-0.466515,0.111618,-0.55625,0.781621,-0.259223,-0.0797608,0.761805,-0.0963702,-0.635613,0.0205624,0.756353,-0.128747,-0.64104,0,0,0,0,-0.0391211,0.697375,0.700844,-0.14476,-0.065019,0.63079,0.0105639,0.773152,0.0358203,0.652798,0.0116648,0.756595,0,0,0,0,0.0939035,0.0822236,0.984693,-0.12166,0,0,0,0,0,0,0,0,0,0,0,0,0,0,0,0,
0.0796232,0.0881622,0.987368,-0.10484,0.0930503,0.0867275,0.986194,-0.10603,0.101386,0.0592501,0.98412,-0.133107,0,0,0,0,0.000881717,-0.66791,0.72488,-0.168655,-0.127967,0.887253,-0.306325,-0.320269,-0.190972,0.787996,0.263544,-0.522624,-0.188344,0.746127,0.421447,-0.479796,0.140407,0.793968,0.59148,-0.00722483,-0.220853,0.748265,0.228986,0.582141,-0.257986,0.768785,0.341828,-0.474938,-0.383616,0.701682,0.368318,-0.474155,0.113985,-0.570224,0.772629,-0.254748,-0.0772469,0.76051,-0.102202,-0.636563,0.025773,0.761349,-0.127295,-0.6352,0,0,0,0,-0.0390842,0.686094,0.71298,-0.139311,-0.0496878,0.635145,0.00643075,0.770766,0.0321136,0.646696,0.0165324,0.761892,0,0,0,0,0.103821,0.0669255,0.985622,-0.115285,0,0,0,0,0,0,0,0,0,0,0,0,0,0,0,0,
0.081831,0.0732086,0.989201,-0.0970844,0.0907238,0.0723325,0.988425,-0.0977389,0.0958384,0.0577039,0.985253,-0.129465,0,0,0,0,-0.00176261,-0.671803,0.724272,-0.155268,-0.131592,0.894836,-0.271422,-0.329062,-0.200473,0.80022,0.303139,-0.477038,-0.195615,0.760535,0.441059,-0.434498,0.135793,0.789413,0.598639,-0.00428603,-0.229503,0.761461,0.237455,0.557781,-0.293218,0.764457,0.329479,-0.470183,-0.397634,0.702479,0.381773,-0.450177,0.122353,-0.580378,0.765933,-0.248068,-0.0734894,0.761119,-0.101732,-0.636356,0.0270057,0.758427,-0.127321,-0.63863,0,0,0,0,-0.0382808,0.682586,0.717344,-0.13427,-0.0471934,0.636331,0.00479376,0.769956,0.0316526,0.756762,0.0153589,0.652743,0,0,0,0,0.0976747,0.059981,0.987473,-0.108435,0,0,0,0,0,0,0,0,0,0,0,0,0,0,0,0,
0.0847979,0.0637477,0.990098,-0.0919344,0.0944482,0.0628482,0.989224,-0.0925516,0.100805,0.0554306,0.984897,-0.129396,0,0,0,0,0.00153462,-0.675399,0.720282,-0.158201,-0.133586,0.898325,-0.25607,-0.33105,-0.159054,0.737702,0.367881,-0.543288,-0.145065,0.697875,0.489389,-0.50242,0.138842,0.783224,0.606038,-0.00123407,-0.240309,0.767663,0.247046,0.540289,-0.333524,0.773753,0.311167,-0.439594,-0.418754,0.72198,0.355831,-0.420446,0.127202,-0.588013,0.760737,-0.243595,-0.0721215,0.762675,-0.0999202,-0.634934,0.0315267,0.761952,-0.121363,-0.635379,0,0,0,0,-0.0352721,0.682702,0.71832,-0.129191,-0.0489775,0.635226,0.00257205,0.770767,0.0242218,0.646052,0.0240674,0.762529,0,0,0,0,0.102643,0.0576752,0.987174,-0.107821,0,0,0,0,0,0,0,0,0,0,0,0,0,0,0,0,
0.10584,0.0634446,0.988028,-0.0925905,0.10569,0.0634586,0.988044,-0.0925809,0.102174,0.0605649,0.984095,-0.132096,0,0,0,0,0.00440289,-0.678725,0.715281,-0.166392,-0.137191,0.904166,-0.241425,-0.324618,-0.0457139,-0.438408,-0.437435,0.783811,-0.10439,-0.439281,-0.537576,0.712143,0.135847,0.78158,0.608784,-0.00783127,-0.246818,0.768357,0.254443,0.532886,-0.37163,0.740697,0.313033,-0.463971,-0.383126,0.729521,0.353755,-0.442572,0.148041,-0.579716,0.757565,-0.260976,-0.0660339,0.777267,-0.0829768,-0.62017,0.0339869,0.762712,-0.117618,-0.635044,0,0,0,0,-0.0350948,0.683961,0.717369,-0.127857,-0.0891627,0.612782,0.0148952,0.785064,0.025857,0.80857,0.022947,0.587384,0,0,0,0,0.104149,0.0627923,0.986423,-0.110363,0,0,0,0,0,0,0,0,0,0,0,0,0,0,0,0,
0.0980694,0.0615196,0.989137,-0.090582,0.100754,0.0612736,0.988867,-0.0907486,0.10014,0.057281,0.984726,-0.130408,0,0,0,0,0.00643736,-0.678065,0.716179,-0.165152,-0.139186,0.909089,-0.21843,-0.326302,-0.0243156,0.578348,0.474656,-0.663042,0.0417471,0.541603,0.575606,-0.61123,0.131469,0.776459,0.616211,-0.010558,-0.252902,0.795918,0.279672,0.473643,-0.401284,0.747066,0.258056,-0.462894,-0.504371,0.685225,0.299588,-0.431652,0.147999,-0.578411,0.760057,-0.256613,-0.0678226,0.772751,-0.0721587,-0.626936,0.07897,0.959463,-0.0858006,-0.256579,0,0,0,0,-0.0395351,0.687687,0.713031,-0.130809,-0.094669,0.618185,0.0145957,0.780174,0.02257,0.812589,0.0284427,0.581706,0,0,0,0,0.10202,0.0593533,0.987064,-0.108509,0,0,0,0,0,0,0,0,0,0,0,0,0,0,0,0,
0.0968414,0.0550235,0.989985,-0.0867343,0.0996013,0.0547815,0.989712,-0.0868874,0.0992807,0.048906,0.985938,-0.125215,0,0,0,0,0.00722823,-0.678646,0.717257,-0.157889,-0.146779,0.918922,-0.187051,-0.314722,-0.347719,0.0433088,-0.358133,0.865423,-0.461158,0.00750231,-0.426734,0.77793,0.130796,0.773815,0.619742,-0.0048134,-0.267969,0.804929,0.292556,0.441241,-0.226806,0.491395,-0.453356,0.708208,-0.300586,0.453798,-0.435721,0.716842,0.154326,-0.578692,0.759503,-0.253878,-0.0734299,0.771167,-0.0735563,-0.628092,0.0788764,0.938401,-0.0827713,-0.326084,0,0,0,0,-0.043241,0.68798,0.712379,-0.131641,-0.0983367,0.61979,0.0163469,0.77841,0.0195647,0.790958,0.0321537,0.610711,0,0,0,0,0.100997,0.0514866,0.988124,-0.103734,0,0,0,0,0,0,0,0,0,0,0,0,0,0,0,0,
0.100045,0.0416442,0.990844,-0.0805252,0.103271,0.0413818,0.990513,-0.0806604,0.103873,0.0308438,0.987503,-0.114443,0,0,0,0,0.0235691,-0.691279,0.704026,-0.161014,-0.151719,0.922827,-0.166976,-0.312234,0.0691813,0.502431,0.530091,-0.679544,0.127302,0.461119,0.64631,-0.594514,0.119304,0.773572,0.622376,0.00089728,-0.271499,0.821893,0.292112,0.406756,-0.184461,0.501359,-0.472204,0.701168,-0.332686,0.423397,-0.486343,0.688132,0.166572,-0.581763,0.755619,-0.250691,-0.0730897,0.772398,-0.0740199,-0.626562,0.047208,0.766161,-0.10155,-0.632816,0,0,0,0,-0.0445293,0.685265,0.715258,-0.129745,-0.0988231,0.619771,0.0170671,0.778349,0.0139222,0.787756,0.0376989,0.614676,0,0,0,0,0.105239,0.0345264,0.98936,-0.0943378,0,0,0,0,0,0,0,0,0,0,0,0,0,0,0,0,
0.099437,0.0373925,0.991556,-0.0743709,0.102796,0.0371403,0.991213,-0.0744971,0.104114,0.0336207,0.987694,-0.11176,0,0,0,0,0.0207397,-0.695254,0.702027,-0.152808,-0.156635,0.928682,-0.135715,-0.307566,-0.0145307,0.610007,0.562433,-0.557987,0.0478858,0.519219,0.696148,-0.493454,0.122103,0.770451,0.62565,0.00759826,-0.275391,0.816134,0.28956,0.417421,-0.211873,0.536568,-0.482764,0.658896,-0.291789,0.468039,-0.49124,0.674153,0.171884,-0.583829,0.754345,-0.246095,-0.0706002,0.77205,-0.0684734,-0.627906,0.0489567,0.767428,-0.0951981,-0.632135,0,0,0,0,-0.0472518,0.68627,0.71472,-0.126401,-0.0983386,0.621237,0.0225795,0.7771,0.00967804,0.780539,0.0448598,0.62342,0,0,0,0,0.105292,0.0349604,0.989727,-0.0901801,0,0,0,0,0,0,0,0,0,0,0,0,0,0,0,0,
0.100873,0.0331548,0.992062,-0.0673653,0.103537,0.0329737,0.991788,-0.0674541,0.104381,0.0292547,0.988665,-0.103877,0,0,0,0,-0.0316928,0.700983,-0.696064,0.152032,-0.160573,0.930313,-0.163444,-0.286391,0.0162096,0.611385,0.622244,-0.488629,0.0108241,0.557215,0.691743,-0.459223,0.110918,0.77599,0.620839,0.00978228,-0.287781,0.817649,0.314109,0.387256,-0.184523,0.577774,-0.52248,0.599286,-0.269601,0.51505,-0.473111,0.66197,0.176149,-0.589428,0.750641,-0.241004,-0.063626,0.773272,-0.0625943,-0.627761,0.0545176,0.768014,-0.0939589,-0.631152,0,0,0,0,-0.0477829,0.68566,0.716407,-0.119789,-0.101613,0.620391,0.0295264,0.777121,0.00287426,0.757971,0.0486118,0.650468,0,0,0,0,0.105431,0.0307682,0.99049,-0.0828689,0,0,0,0,0,0,0,0,0,0,0,0,0,0,0,0,
0.101767,0.024856,0.992568,-0.0619255,0.104692,0.0246734,0.992264,-0.0619985,0.106085,0.0195386,0.989381,-0.0974129,0,0,0,0,-0.0402543,0.702645,-0.694288,0.150444,-0.161239,0.934383,-0.132479,-0.288756,-0.0228042,0.628385,0.652431,-0.423019,-0.0531207,0.599771,0.670189,-0.433935,0.105005,0.774061,0.624185,0.0140333,-0.288175,0.827042,0.332474,0.349884,-0.134905,0.6013,-0.541016,0.572312,-0.301538,0.465285,-0.484347,0.676752,0.182397,-0.593992,0.746848,-0.236902,-0.066495,0.773266,-0.0628233,-0.627448,0.0584428,0.770942,-0.0808425,-0.629045,0,0,0,0,-0.0489239,0.683466,0.718891,-0.116946,-0.0963491,0.621886,0.0317552,0.776509,-0.00687284,0.75514,0.0546041,0.65325,0,0,0,0,0.106938,0.0213263,0.991083,-0.0765746,0,0,0,0,0,0,0,0,0,0,0,0,0,0,0,0,
0.101744,0.0187361,0.993036,-0.0563551,0.102194,0.0187106,0.99299,-0.0563636,0.101507,0.0168388,0.99029,-0.0934744,0,0,0,0,-0.038955,0.706164,-0.692477,0.142445,-0.177587,0.94445,-0.0939082,-0.260113,-0.113836,0.695978,0.642748,-0.299217,-0.231898,0.653059,0.592064,-0.411336,0.0999492,0.770392,0.629529,0.0141285,-0.321168,0.843057,0.285017,0.323839,0.0622218,-0.54619,0.57066,-0.610043,-0.22503,0.460071,-0.528731,0.67686,0.18648,-0.597501,0.744745,-0.231457,-0.0655814,0.77312,-0.0586988,-0.628123,0.0661256,0.770088,-0.0732066,-0.630263,0,0,0,0,-0.0494395,0.683781,0.719186,-0.113007,-0.0896572,0.623773,0.0327374,0.775756,-0.0154258,0.757765,0.0627323,0.649322,0,0,0,0,0.102169,0.0174489,0.992013,-0.0718902,0,0,0,0,0,0,0,0,0,0,0,0,0,0,0,0,
0.105959,0.0112248,0.993052,-0.0499546,0.1039,0.0113283,0.993269,-0.0499312,0.100972,0.00882108,0.99111,-0.0861852,0,0,0,0,-0.0484728,0.709941,-0.688228,0.141338,-0.205331,0.946075,-0.0844509,-0.235903,0.0461394,0.618687,0.653176,-0.434119,0.0832393,0.62138,0.672282,-0.393694,0.0895035,0.766846,0.635406,0.0139688,-0.317259,0.837169,0.294742,0.334097,-0.0991665,0.577943,-0.569986,0.575555,0.180343,-0.50619,0.588958,-0.603636,0.195781,-0.599997,0.741226,-0.228598,-0.0620922,0.775831,-0.0524238,-0.625686,0.0700266,0.7703,-0.0692623,-0.630029,0,0,0,0,-0.0496864,0.683277,0.720421,-0.107975,-0.0891916,0.621436,0.0364212,0.777519,-0.0211706,0.744534,0.0662348,0.663954,0,0,0,0,0.101471,0.00980899,0.992664,-0.0650074,0,0,0,0,0,0,0,0,0,0,0,0,0,0,0,0,
0.102477,0.00827743,0.993614,-0.046494,0.1018,0.00830914,0.993683,-0.0464884,0.100476,0.00794653,0.991291,-0.0847608,0,0,0,0,-0.0521589,0.715812,-0.681668,0.142203,-0.249025,0.94622,0.000541272,-0.206528,-0.0138454,0.65347,0.670807,-0.350433,0.0383529,0.644815,0.705267,-0.292132,0.0842193,0.768039,0.634715,0.012596,-0.327375,0.838729,0.265114,0.345071,0.0740038,-0.532637,0.590577,-0.601698,0.0302418,-0.536834,0.642344,-0.546158,0.196255,-0.603862,0.739202,-0.224534,-0.0628345,0.773486,-0.0470635,-0.628932,0.0755838,0.771217,-0.0612669,-0.629093,0,0,0,0,-0.0534927,0.681115,0.722208,-0.107874,-0.0918407,0.624075,0.0412528,0.774851,-0.0185163,0.800741,0.0708131,0.594522,0,0,0,0,0.100878,0.00812219,0.992873,-0.0629298,0,0,0,0,0,0,0,0,0,0,0,0,0,0,0,0,
0.103059,0.00296404,0.993854,-0.0402993,0.0973174,0.00319672,0.994433,-0.0402815,0.0910906,0.00124903,0.992892,-0.076587,0,0,0,0,-0.054174,0.714734,-0.684631,0.132291,-0.199627,0.936558,-0.0772132,-0.277572,-0.040659,0.634143,0.658507,-0.403209,0.0756079,0.668315,0.682131,-0.286942,0.0698606,0.767395,0.637302,0.0083328,-0.323518,0.839921,0.270703,0.341452,-0.124278,0.602089,-0.592342,0.520744,0.130176,-0.57764,0.625738,-0.507778,0.201,-0.608081,0.735893,-0.219767,-0.0585102,0.774018,-0.0408228,-0.629131,0.0774128,0.766914,-0.0623901,-0.634001,0,0,0,0,-0.055133,0.680146,0.723647,-0.10343,-0.0891844,0.624462,0.0441537,0.774689,-0.0280354,0.791884,0.0780433,0.605015,0,0,0,0,0.0913481,0.00190324,0.994265,-0.0555765,0,0,0,0,0,0,0,0,0,0,0,0,0,0,0,0,
0.103775,-0.00295116,0.993969,-0.0353207,0.0972158,-0.00271809,0.994632,-0.0353394,0.0904938,-0.00277452,0.993231,-0.0727718,0,0,0,0,-0.0591883,0.717269,-0.681907,0.130477,-0.203175,0.938469,-0.0490666,-0.274934,0.00317763,0.603688,0.660095,-0.447018,0.112176,0.640072,0.684616,-0.330191,0.0637986,0.766157,0.639417,0.00890279,-0.165444,0.776339,0.348151,0.498716,-0.557316,0.766411,-0.316324,0.0441893,-0.518985,0.776578,-0.357158,0.00440824,0.2062,-0.610366,0.733746,-0.215761,-0.057771,0.774325,-0.0349466,-0.629176,0.0795546,0.766624,-0.0634153,-0.633985,0,0,0,0,-0.0562692,0.680021,0.72409,-0.100493,-0.088708,0.624429,0.0466481,0.774625,-0.0361185,0.767597,0.080141,0.634876,0,0,0,0,0.0905776,-0.00300058,0.994568,-0.0511978,0,0,0,0,0,0,0,0,0,0,0,0,0,0,0,0,
0.106267,-0.00623908,0.993733,-0.0340922,0.0976737,-0.00594418,0.994615,-0.0341449,0.0890686,-0.00504622,0.993325,-0.0731264,0,0,0,0,-0.0545042,0.715603,-0.684955,0.125613,-0.204629,0.928156,-0.0708995,-0.302698,-0.1028,0.652546,0.635762,-0.399277,-0.00931353,0.646388,0.693364,-0.318345,0.0669734,0.765834,0.639437,0.0115528,-0.287013,0.839129,0.20121,0.415933,-0.533914,0.763071,-0.362743,0.0327997,-0.511098,0.782912,-0.353536,0.0289778,0.208628,-0.613186,0.730691,-0.215797,-0.0531518,0.776103,-0.0282703,-0.627725,0.0781216,0.76666,-0.0601667,-0.634436,0,0,0,0,-0.0544682,0.677822,0.726607,-0.0981503,-0.0899889,0.622554,0.0490754,0.775835,-0.0439594,0.762971,0.0824756,0.639641,0,0,0,0,0.0890871,-0.00544029,0.994695,-0.0511396,0,0,0,0,0,0,0,0,0,0,0,0,0,0,0,0,
0.102497,-0.0111507,0.994169,-0.0315754,0.0925816,-0.0108353,0.995142,-0.031685,0.0828572,-0.0100141,0.993976,-0.0710296,0,0,0,0,-0.0580404,0.716772,-0.683562,0.12495,-0.204298,0.928491,-0.0517592,-0.305757,-0.137047,0.666525,0.635071,-0.365579,-0.165277,0.631057,0.660289,-0.372116,0.0551479,0.76283,0.644238,0.00254746,-0.17055,0.78853,0.347049,0.478216,-0.529514,0.772237,-0.345387,0.0630359,-0.530394,0.751425,-0.39121,0.0315741,0.209482,-0.615399,0.729879,-0.21137,-0.0526228,0.773532,-0.0234653,-0.631133,0.0855379,0.76437,-0.0560713,-0.636614,0,0,0,0,-0.0571494,0.677051,0.726955,-0.0993634,-0.0917605,0.625563,0.0534265,0.772914,-0.0529603,0.755509,0.08345,0.64764,0,0,0,0,0.0827491,-0.0104435,0.995309,-0.0490173,0,0,0,0,0,0,0,0,0,0,0,0,0,0,0,0,
0.100521,-0.0126625,0.994379,-0.0307412,0.0912474,-0.0123754,0.995273,-0.0308579,0.0822785,-0.0107026,0.994038,-0.0707376,0,0,0,0,-0.0586497,0.716768,-0.683529,0.124867,-0.217041,0.924465,-0.075837,-0.304148,-0.137353,0.670845,0.625093,-0.374646,-0.0953883,0.639157,0.690154,-0.325679,0.0540249,0.758332,0.649626,0.000881451,-0.348788,0.864039,0.187674,0.310745,-0.516178,0.802883,-0.286154,-0.084,-0.526333,0.661517,-0.488907,-0.215266,0.20882,-0.617826,0.72846,-0.209837,-0.0483718,0.772425,-0.0157393,-0.633066,0.0865627,0.779149,-0.0528388,-0.618581,0,0,0,0,-0.0583954,0.675265,0.728462,-0.0997529,-0.093925,0.626843,0.058004,0.771286,-0.0582866,0.745364,0.0860815,0.658502,0,0,0,0,0.0821197,-0.0114919,0.995372,-0.0485778,0,0,0,0,0,0,0,0,0,0,0,0,0,0,0,0,
0.100463,-0.0177207,0.994351,-0.0293221,0.0889847,-0.0173813,0.995444,-0.0295246,0.0779743,-0.016724,0.994396,-0.0694049,0,0,0,0,-0.0555261,0.71968,-0.681669,0.119604,-0.250163,0.928676,-0.139887,-0.235397,-0.160214,0.74223,0.595183,-0.263027,-0.241526,0.649175,0.66677,-0.275055,0.051449,0.756289,0.652211,-0.000536498,-0.277917,0.841062,0.222001,0.407545,-0.56123,0.779776,-0.267164,-0.0747886,-0.535628,0.635738,-0.498598,-0.245642,0.211776,-0.619209,0.726856,-0.208354,-0.0490737,0.772141,-0.0153507,-0.633367,0.0902149,0.762688,-0.0487528,-0.638586,0,0,0,0,-0.0587551,0.674071,0.729478,-0.100195,-0.0925431,0.627354,0.0596733,0.77091,-0.0672408,0.757207,0.0879207,0.643728,0,0,0,0,0.0777024,-0.0172064,0.995704,-0.0473195,0,0,0,0,0,0,0,0,0,0,0,0,0,0,0,0,
0.0999401,-0.0220159,0.994345,-0.0283788,0.0891697,-0.0217074,0.995369,-0.0286154,0.079043,-0.0212266,0.994257,-0.068947,0,0,0,0,-0.0602381,0.724103,-0.675992,0.122807,-0.24097,0.926904,-0.123414,-0.259905,-0.220041,0.748968,0.584272,-0.221935,-0.332891,0.648649,0.636358,-0.251963,0.048169,0.753528,0.655643,-0.00264811,-0.338712,0.864458,0.214816,0.303052,-0.553965,0.766612,-0.215027,-0.243295,-0.570692,0.612555,-0.402675,-0.370054,0.213296,-0.620732,0.725593,-0.206667,-0.0508285,0.771391,-0.0114751,-0.634224,0.0920801,0.76288,-0.048932,-0.638076,0,0,0,0,-0.058644,0.673183,0.730258,-0.100542,-0.0837639,0.628911,0.0607317,0.770562,-0.0782017,0.760052,0.0946386,0.638161,0,0,0,0,0.078665,-0.0217849,0.995567,-0.046735,0,0,0,0,0,0,0,0,0,0,0,0,0,0,0,0,
0.0969315,-0.0251387,0.994575,-0.0281632,0.0854404,-0.0248118,0.995628,-0.0284516,0.0747716,-0.0234942,0.994521,-0.0691723,0,0,0,0,-0.0558823,0.723699,-0.67757,0.118472,-0.228048,0.918573,-0.114051,-0.302009,-0.24024,0.729813,0.586665,-0.255896,-0.31545,0.648373,0.64144,-0.26203,0.0468623,0.753439,0.655829,-0.00459223,-0.280141,0.837733,0.260638,0.389605,0.594833,-0.4937,-0.176978,0.60919,0.596149,-0.490405,-0.171536,0.612115,0.212595,-0.621646,0.725703,-0.204243,-0.0495518,0.769325,-0.00759606,-0.636888,0.0919691,0.761063,-0.0462593,-0.640457,0,0,0,0,-0.0596755,0.67289,0.730161,-0.102578,-0.0840814,0.631306,0.0632709,0.768362,-0.0784346,0.741088,0.0942052,0.660123,0,0,0,0,0.0743002,-0.0244205,0.995835,-0.046868,0,0,0,0,0,0,0,0,0,0,0,0,0,0,0,0,
0.0937202,-0.0271077,0.994838,-0.0278996,0.0827206,-0.0267977,0.995813,-0.0281974,0.0726683,-0.0246941,0.994671,-0.0688417,0,0,0,0,-0.0517698,0.726794,-0.675284,0.114374,-0.244007,0.909317,-0.157062,-0.298221,-0.241464,0.737921,0.576785,-0.253943,-0.312871,0.659219,0.633608,-0.257067,0.0480151,0.751498,0.657973,-0.00402341,-0.252674,0.817111,0.280158,0.435887,0.599197,-0.523128,-0.190927,0.575193,0.564254,-0.531442,-0.157864,0.611773,0.210866,-0.623695,0.725077,-0.202,-0.0481842,0.767198,-0.00460186,-0.639581,0.0928294,0.760337,-0.0422645,-0.64147,0,0,0,0,-0.0610713,0.671577,0.731028,-0.104173,-0.084129,0.63378,0.0663524,0.766056,-0.015133,0.970793,0.118621,0.207993,0,0,0,0,0.0721397,-0.0259143,0.995968,-0.0465975,0,0,0,0,0,0,0,0,0,0,0,0,0,0,0,0,
0.0914001,-0.029403,0.995023,-0.026642,0.0811341,-0.0291267,0.995913,-0.0269438,0.0719053,-0.026939,0.99479,-0.0670628,0,0,0,0,-0.0540607,0.728309,-0.673521,0.114074,-0.254524,0.902765,-0.15208,-0.311616,-0.279246,0.75303,0.537906,-0.256173,-0.330349,0.645842,0.652714,-0.218452,0.0446608,0.750416,0.659435,-0.00511289,-0.29678,0.828356,0.344976,0.326709,0.564227,-0.528819,-0.105266,0.625234,0.498288,-0.625209,-0.255738,0.543527,0.20998,-0.625752,0.724354,-0.199134,-0.0459019,0.765703,-0.00111048,-0.641553,0.0915731,0.75955,-0.0431783,-0.642522,0,0,0,0,-0.0620041,0.670986,0.731479,-0.104267,-0.0784059,0.636122,0.0668937,0.764674,-0.0241724,0.761001,0.10297,0.640071,0,0,0,0,0.0713256,-0.0282029,0.996037,-0.0450276,0,0,0,0,0,0,0,0,0,0,0,0,0,0,0,0,
0.0903846,-0.030683,0.995098,-0.025886,0.079746,-0.0304047,0.996007,-0.0262123,0.0702165,-0.0278469,0.994942,-0.0662189,0,0,0,0,-0.0504792,0.730653,-0.67197,0.10979,-0.267445,0.896798,-0.14862,-0.319593,-0.295635,0.755949,0.518435,-0.269008,-0.357247,0.641315,0.643473,-0.216867,0.0458266,0.748963,0.661015,-0.00364184,-0.301709,0.82567,0.344836,0.329133,0.534168,-0.475727,-0.178302,0.67569,0.436709,-0.601646,-0.339669,0.576136,0.209622,-0.626932,0.723853,-0.197614,-0.0427235,0.765223,0.000611982,-0.642346,0.0908251,0.758866,-0.0401368,-0.643632,0,0,0,0,-0.0622866,0.670701,0.731753,-0.104015,-0.0765878,0.636996,0.0692458,0.763921,-0.030853,0.725948,0.102291,0.6794,0,0,0,0,0.0696004,-0.0292654,0.996164,-0.0442263,0,0,0,0,0,0,0,0,0,0,0,0,0,0,0,0,
0.0889218,-0.0334343,0.995164,-0.0249676,0.0784157,-0.033169,0.996047,-0.025319,0.0690965,-0.0316207,0.994983,-0.065073,0,0,0,0,-0.0460823,0.732428,-0.671227,0.104313,-0.281194,0.885276,-0.159118,-0.334511,-0.273547,0.725996,0.535359,-0.333906,-0.33415,0.640049,0.62223,-0.302508,0.048874,0.744499,0.665832,-0.00046243,-0.312839,0.815467,0.342117,0.346557,0.481993,-0.563474,-0.215299,0.635473,0.543544,-0.539632,-0.279975,0.578767,0.209809,-0.628923,0.722551,-0.195848,-0.0416232,0.764313,-0.000512028,-0.643501,0.090631,0.758319,-0.0396387,-0.644335,0,0,0,0,-0.0633376,0.669079,0.733049,-0.104694,-0.0750231,0.638301,0.069426,0.76297,0.0300902,0.972726,0.100439,0.206905,0,0,0,0,0.0684248,-0.0327265,0.996185,-0.0431645,0,0,0,0,0,0,0,0,0,0,0,0,0,0,0,0,
0.0869103,-0.035558,0.995288,-0.0241717,0.0788422,-0.035361,0.99596,-0.0244591,0.0720279,-0.034227,0.994776,-0.0637264,0,0,0,0,-0.0466299,0.735833,-0.66758,0.103504,-0.303712,0.868492,-0.150222,-0.36182,-0.333847,0.730519,0.494001,-0.332943,-0.305096,0.682454,0.612825,-0.256161,0.052223,0.740657,0.669838,0.00410272,-0.315391,0.813728,0.347819,0.342632,0.417922,-0.531278,-0.277792,0.682581,0.588148,-0.511316,-0.370246,0.505526,0.209822,-0.63134,0.720781,-0.194573,-0.0409153,0.762998,-0.000523104,-0.645104,0.090881,0.75975,-0.0388845,-0.642657,0,0,0,0,-0.0656629,0.665724,0.735684,-0.106159,-0.0731674,0.640053,0.0685214,0.761763,0.0319177,0.934365,0.0893177,0.343461,0,0,0,0,0.0713118,-0.0352758,0.995947,-0.0419421,0,0,0,0,0,0,0,0,0,0,0,0,0,0,0,0,
0.0856565,-0.0368988,0.99535,-0.0240598,0.0782712,-0.0367193,0.995958,-0.0243328,0.0722119,-0.0354526,0.994715,-0.0637949,0,0,0,0,-0.0434948,0.738412,-0.66534,0.100887,-0.313018,0.864249,-0.170002,-0.355237,-0.247947,0.668539,0.536062,-0.451903,-0.266261,0.621,0.611119,-0.412308,0.0555273,0.737194,0.673364,0.00655268,-0.316606,0.815237,0.384525,0.295448,0.398084,-0.506274,-0.257496,0.720355,-0.392088,0.504623,0.608428,-0.470573,0.209295,-0.6333,0.719378,-0.193964,-0.0392991,0.762269,-0.000452511,-0.646066,0.089907,0.760037,-0.0351624,-0.64267,0,0,0,0,-0.0666615,0.663147,0.737793,-0.107024,-0.0687546,0.641364,0.0676375,0.761151,0.0189068,0.872731,0.09466,0.478564,0,0,0,0,0.0714575,-0.036601,0.99589,-0.0419231,0,0,0,0,0,0,0,0,0,0,0,0,0,0,0,0,
0.0849512,-0.0374923,0.9954,-0.023608,0.0777391,-0.0373203,0.995989,-0.0238789,0.0718814,-0.0359033,0.994761,-0.0631985,0,0,0,0,-0.0437458,0.739241,-0.664483,0.100359,-0.32715,0.857785,-0.16944,-0.358425,-0.274129,0.673754,0.514607,-0.45397,-0.271516,0.643741,0.585988,-0.410481,0.0548073,0.736012,0.674717,0.00638521,-0.295126,0.728948,0.363274,0.499567,0.413796,-0.584898,-0.384114,0.582343,-0.368318,0.62047,0.447667,-0.52816,0.209189,-0.634089,0.7189,-0.193272,-0.0386207,0.761887,-0.00114351,-0.646557,0.0900832,0.759528,-0.03838,-0.643062,0,0,0,0,-0.0672798,0.662634,0.738175,-0.107175,-0.0643197,0.642139,0.0680054,0.760852,0.0286899,0.864777,0.0940602,0.492433,0,0,0,0,0.0711103,-0.0371323,0.995919,-0.0413613,0,0,0,0,0,0,0,0,0,0,0,0,0,0,0,0,
0.0838913,-0.0386332,0.995464,-0.0228442,0.0768123,-0.0384698,0.996035,-0.0231183,0.0710875,-0.0379344,0.994828,-0.0618483,0,0,0,0,-0.0446123,0.74087,-0.662745,0.0994503,-0.337497,0.861149,-0.177396,-0.336227,-0.279515,0.687705,0.471854,-0.475697,-0.293836,0.586847,0.640745,-0.398393,0.0528536,0.734692,0.676313,0.00590926,-0.31969,0.737908,0.393652,0.445341,-0.363062,0.62653,0.374777,-0.578955,-0.404639,0.586226,0.470038,-0.521221,0.208947,-0.634943,0.718614,-0.191786,-0.0337392,0.761724,-0.00434909,-0.647008,0.0903557,0.759199,-0.0363801,-0.643528,0,0,0,0,-0.0679797,0.662254,0.738441,-0.107255,-0.0575972,0.643261,0.0680618,0.760437,0.0315795,0.878767,0.0942239,0.46679,0,0,0,0,0.0702964,-0.0389327,0.995955,-0.0401997,0,0,0,0,0,0,0,0,0,0,0,0,0,0,0,0,
0.0830407,-0.038454,0.99555,-0.0224944,0.0744577,-0.0382587,0.996229,-0.022825,0.0672412,-0.0368629,0.995195,-0.0608816,0,0,0,0,-0.0402768,0.741305,-0.663256,0.0945276,-0.345391,0.860386,-0.175721,-0.331005,-0.283537,0.687729,0.465342,-0.47968,-0.347116,0.571796,0.615044,-0.417468,0.0518504,0.734001,0.677148,0.0050284,-0.333657,0.726004,0.390156,0.457569,-0.347948,0.633658,0.401019,-0.562667,-0.396074,0.594913,0.459818,-0.52704,0.208576,-0.635456,0.718397,-0.191302,-0.0304308,0.761442,-0.00429578,-0.647504,0.0888187,0.757055,-0.0367944,-0.646239,0,0,0,0,-0.0689252,0.66167,0.738841,-0.107502,-0.0522824,0.6441,0.0682227,0.760097,0.0426453,0.926764,0.0902555,0.362139,0,0,0,0,0.0664381,-0.0383196,0.996269,-0.0395576,0,0,0,0,0,0,0,0,0,0,0,0,0,0,0,0,
0.0810143,-0.038279,0.995735,-0.0220015,0.0724575,-0.0380885,0.996394,-0.0223296,0.0652527,-0.0362058,0.995433,-0.0595381,0,0,0,0,-0.0396941,0.742132,-0.662663,0.0924295,-0.352375,0.859142,-0.188166,-0.319843,-0.282975,0.686372,0.448746,-0.497439,-0.347781,0.548828,0.632368,-0.421837,0.0496341,0.733623,0.67773,0.00405156,-0.345101,0.72887,0.388606,0.44569,-0.335424,0.631205,0.408474,-0.567644,-0.383214,0.589833,0.476669,-0.527287,0.208016,-0.635862,0.718449,-0.190368,-0.0282099,0.760275,-0.00363337,-0.648978,0.0887198,0.75588,-0.0373433,-0.647595,0,0,0,0,-0.0706838,0.661271,0.738901,-0.108395,-0.0381702,0.645715,0.0757743,0.75885,0.0370336,0.918813,0.0918027,0.382079,0,0,0,0,0.0644551,-0.0378152,0.996463,-0.038435,0,0,0,0,0,0,0,0,0,0,0,0,0,0,0,0,
0.0789164,-0.0379692,0.995925,-0.0215422,0.0700115,-0.0377752,0.996591,-0.0218807,0.0624756,-0.035341,0.995656,-0.0593087,0,0,0,0,-0.0368924,0.742186,-0.66319,0.0893213,-0.371724,0.828408,-0.165943,-0.384739,-0.312771,0.627939,0.501337,-0.506486,-0.250623,0.662673,0.517375,-0.479974,0.0486142,0.73312,0.678353,0.00296765,-0.376213,0.721042,0.367643,0.451,-0.332375,0.624808,0.437725,-0.554561,-0.345486,0.616088,0.439068,-0.555243,0.206866,-0.636772,0.718271,-0.189247,-0.0306552,0.758634,-0.00107506,-0.650795,0.0892788,0.754022,-0.0408976,-0.649468,0,0,0,0,-0.0722263,0.660833,0.73905,-0.109031,-0.0428061,0.647302,0.073421,0.757481,0.0361,0.901328,0.0868801,0.422797,0,0,0,0,0.0616791,-0.0370666,0.99668,-0.0380982,0,0,0,0,0,0,0,0,0,0,0,0,0,0,0,0,
0.0769657,-0.0366466,0.996153,-0.0202926,0.0677701,-0.0364578,0.996821,-0.0206299,0.0599358,-0.0330353,0.995946,-0.058379,0,0,0,0,-0.0363935,0.742163,-0.663496,0.0874254,-0.363998,0.850345,-0.197594,-0.324616,-0.321323,0.693648,0.403266,-0.502971,-0.342748,0.534439,0.661586,-0.399001,0.0456655,0.730992,0.680856,0.000691402,-0.385366,0.719935,0.355469,0.454784,-0.330965,0.633462,0.444593,-0.53993,-0.366368,0.611157,0.423282,-0.559548,0.205325,-0.639759,0.71632,-0.188242,-0.0307598,0.757483,-0.00251019,-0.652125,0.101891,0.753171,-0.0421627,-0.648517,0,0,0,0,-0.0747692,0.658612,0.740825,-0.108708,-0.0401002,0.648935,0.0705427,0.756505,0.0351264,0.898368,0.0845797,0.429591,0,0,0,0,0.0591643,-0.0349659,0.996948,-0.0370452,0,0,0,0,0,0,0,0,0,0,0,0,0,0,0,0,
0.0705285,-0.038932,0.996571,-0.0188956,0.0635839,-0.0387994,0.997038,-0.0191663,0.0581579,-0.0346502,0.996021,-0.0579585,0,0,0,0,-0.0347517,0.742874,-0.663131,0.0847808,-0.388212,0.812,-0.165943,-0.403002,-0.369665,0.627331,0.438267,-0.526997,-0.20425,0.641702,0.60163,-0.429582,0.044921,0.728349,0.683732,0.000384708,-0.389752,0.722484,0.346661,0.453802,-0.323147,0.628378,0.450763,-0.545463,-0.37233,0.595248,0.448196,-0.553327,0.202376,-0.642921,0.715526,-0.183628,-0.0353559,0.752944,-0.00505629,-0.657115,0.0943492,0.752429,-0.0342642,-0.65098,0,0,0,0,-0.079344,0.65672,0.741555,-0.111892,-0.0345944,0.653921,0.0678623,0.752719,0.0272586,0.842109,0.0858429,0.531734,0,0,0,0,0.0573257,-0.0367551,0.997017,-0.0363304,0,0,0,0,0,0,0,0,0,0,0,0,0,0,0,0,
0.0692334,-0.0362398,0.996784,-0.01774,0.0605857,-0.0360846,0.997347,-0.0180536,0.0533656,-0.0314861,0.996459,-0.056833,0,0,0,0,-0.0315262,0.742211,-0.664607,0.0801652,-0.381912,0.831605,-0.19858,-0.350916,-0.333208,0.656147,0.429279,-0.523606,-0.335334,0.578825,0.598085,-0.44137,0.0415475,0.728264,0.684033,-0.00215434,-0.399845,0.71888,0.331579,0.461942,-0.316041,0.60403,0.470147,-0.56056,-0.357763,0.57637,0.445898,-0.583933,0.20133,-0.643369,0.715598,-0.182924,-0.0388735,0.751998,-0.00729481,-0.657977,0.0892844,0.749616,-0.0350862,-0.654884,0,0,0,0,-0.0819621,0.65668,0.74134,-0.111664,-0.0356247,0.654898,0.0681425,0.751795,0.0411556,0.83445,0.0779047,0.543995,0,0,0,0,0.0525869,-0.0337068,0.997426,-0.0352152,0,0,0,0,0,0,0,0,0,0,0,0,0,0,0,0,
0.0659939,-0.0369455,0.99701,-0.0158159,0.056969,-0.0368009,0.997567,-0.0161496,0.0494178,-0.032157,0.996722,-0.0554004,0,0,0,0,-0.0315644,0.743361,-0.663614,0.0776879,-0.384723,0.831209,-0.202674,-0.346413,-0.352676,0.670772,0.397196,-0.51761,-0.334366,0.566378,0.62666,-0.417985,0.0360502,0.729542,0.682963,-0.00547834,-0.406956,0.717064,0.318026,0.468043,-0.30833,0.607627,0.479529,-0.552968,-0.379838,0.557089,0.445154,-0.589248,0.200436,-0.644268,0.715888,-0.179578,-0.0426642,0.749612,-0.00920428,-0.660437,0.0861017,0.746692,-0.039202,-0.658408,0,0,0,0,-0.0850534,0.65692,0.740652,-0.112503,-0.0297482,0.657451,0.0647757,0.750118,0.0371604,0.815516,0.0784998,0.572181,0,0,0,0,0.0486147,-0.0344159,0.997656,-0.033677,0,0,0,0,0,0,0,0,0,0,0,0,0,0,0,0,
0.0615536,-0.0322842,0.997455,-0.015894,0.0520809,-0.0321318,0.997994,-0.0161998,0.0439296,-0.0272232,0.997098,-0.0558925,0,0,0,0,-0.0272164,0.742019,-0.665733,0.0739423,-0.386994,0.833205,-0.207698,-0.335958,-0.360231,0.676483,0.368571,-0.526079,-0.322296,0.532965,0.666285,-0.410046,0.0329045,0.729382,0.683244,-0.00989203,-0.408447,0.71964,0.31311,0.466103,-0.298237,0.590392,0.486212,-0.571042,-0.368866,0.540841,0.473477,-0.589277,0.196273,-0.644853,0.716745,-0.178657,-0.0467135,0.746531,-0.0117479,-0.663605,0.0827531,0.743391,-0.043035,-0.662321,0,0,0,0,-0.0892677,0.656272,0.740446,-0.114357,-0.0258826,0.661019,0.0618703,0.747366,0.0315056,0.794337,0.0821974,0.601065,0,0,0,0,0.0432139,-0.0295648,0.99805,-0.0339788,0,0,0,0,0,0,0,0,0,0,0,0,0,0,0,0,
0.0577938,-0.0331221,0.997682,-0.0138984,0.0481187,-0.0329858,0.998196,-0.0142188,0.0398004,-0.0283421,0.997334,-0.0542019,0,0,0,0,-0.0291879,0.741186,-0.666703,0.0727881,-0.400181,0.819755,-0.191568,-0.362158,-0.368155,0.649045,0.406121,-0.527511,-0.337484,0.588655,0.595328,-0.430318,0.0254057,0.729933,0.682884,-0.0148779,-0.408572,0.718188,0.305393,0.473297,-0.28154,0.591829,0.49423,-0.571148,-0.387981,0.51521,0.489296,-0.587042,0.193967,-0.647839,0.715654,-0.1747,-0.0481143,0.743964,-0.0136283,-0.666345,0.0788867,0.739727,-0.0505809,-0.66635,0,0,0,0,-0.0922605,0.654714,0.741426,-0.114564,-0.0285011,0.663742,0.0621595,0.74483,0.037638,0.774645,0.0728617,0.627056,0,0,0,0,0.0390569,-0.0306596,0.998247,-0.0322195,0,0,0,0,0,0,0,0,0,0,0,0,0,0,0,0,
0.0476097,-0.0318272,0.998263,-0.0138056,0.0410097,-0.0317352,0.998556,-0.0140157,0.0357118,-0.0278273,0.997518,-0.0539218,0,0,0,0,-0.0265004,0.739202,-0.669349,0.0696417,-0.406582,0.80786,-0.169666,-0.391494,-0.374264,0.613785,0.42705,-0.548473,-0.332385,0.591253,0.570106,-0.463594,0.0225795,0.730073,0.682768,-0.0176552,-0.413119,0.728406,0.302249,0.455416,-0.29541,0.608319,0.478533,-0.560078,-0.419353,0.517452,0.494565,-0.558384,0.187163,-0.651872,0.71484,-0.170399,-0.058555,0.73611,-0.0153029,-0.674151,0.0735334,0.735797,-0.0610054,-0.670428,0,0,0,0,-0.0994712,0.650955,0.742976,-0.11979,-0.0199839,0.671435,0.0599725,0.738363,0.039918,0.795765,0.0660215,0.600671,0,0,0,0,0.034993,-0.0298944,0.99843,-0.0319206,0,0,0,0,0,0,0,0,0,0,0,0,0,0,0,0,
0.0425396,-0.0298379,0.998553,-0.0138388,0.0361661,-0.029749,0.998804,-0.0140289,0.0310329,-0.0257007,0.997729,-0.0539746,0,0,0,0,-0.0229033,0.735898,-0.673463,0.0661655,-0.411746,0.802935,-0.163406,-0.398822,-0.392096,0.616359,0.413426,-0.543545,-0.32651,0.60643,0.562444,-0.457483,0.0198879,0.728436,0.684499,-0.0211067,-0.436115,0.699789,0.266807,0.498912,-0.368468,0.639437,0.479518,-0.474778,0.427416,-0.480513,-0.280648,0.712503,0.183091,-0.652156,0.716247,-0.167808,-0.0665831,0.73184,-0.0160542,-0.678026,0.069817,0.732551,-0.064434,-0.67405,0,0,0,0,-0.103278,0.650993,0.74197,-0.122565,-0.0162279,0.675303,0.0572118,0.735139,0.0463818,0.832233,0.0603766,0.549173,0,0,0,0,0.0303484,-0.0278299,0.998641,-0.031937,0,0,0,0,0,0,0,0,0,0,0,0,0,0,0,0,
0.0344087,-0.0272937,0.998938,-0.0138952,0.030934,-0.0272452,0.999052,-0.01399,0.0286152,-0.0231517,0.997867,-0.0539139,0,0,0,0,-0.0230297,0.737569,-0.671644,0.0659947,-0.409533,0.809713,-0.166897,-0.385736,-0.397965,0.636524,0.383727,-0.537786,-0.357996,0.557978,0.613693,-0.428813,0.0164445,0.726805,0.6862,-0.0247872,-0.440836,0.703946,0.262251,0.491271,-0.301571,0.60479,0.513292,-0.528976,0.413995,-0.502429,-0.432074,0.624087,0.177599,-0.652972,0.717687,-0.164352,-0.0760618,0.725208,-0.0164581,-0.684118,0.0696541,0.730486,-0.0677068,-0.675984,0,0,0,0,-0.109247,0.650056,0.741209,-0.126893,-0.0129877,0.681397,0.054568,0.729761,0.0465865,0.805738,0.0596305,0.587418,0,0,0,0,0.0279818,-0.0252938,0.998781,-0.0318353,0,0,0,0,0,0,0,0,0,0,0,0,0,0,0,0,
0.0300509,-0.0250834,0.999143,-0.0134453,0.0271282,-0.0250439,0.999227,-0.0135186,0.0252774,-0.0209269,0.998037,-0.0533367,0,0,0,0,-0.0235193,0.739393,-0.669682,0.0653517,-0.416582,0.808106,-0.172478,-0.379045,-0.424041,0.661477,0.342052,-0.515401,-0.360758,0.554419,0.641196,-0.389027,0.0113874,0.725961,0.687017,-0.0293029,-0.441069,0.699191,0.249315,0.504413,-0.321571,0.588645,0.517135,-0.531659,0.383235,-0.537404,-0.449133,0.602169,0.174039,-0.652697,0.719445,-0.161544,-0.0856494,0.720902,-0.0124199,-0.687612,0.0638528,0.72942,-0.0580172,-0.678604,0,0,0,0,-0.112339,0.651152,0.739506,-0.128501,-0.0150292,0.684629,0.0553636,0.72663,0.048344,0.765678,0.0555091,0.638998,0,0,0,0,0.0246896,-0.023073,0.998939,-0.031275,0,0,0,0,0,0,0,0,0,0,0,0,0,0,0,0,
0.0247733,-0.0224863,0.999359,-0.0127341,0.023001,-0.0224637,0.999401,-0.012774,0.0222111,-0.0180024,0.998213,-0.0524795,0,0,0,0,-0.0238794,0.735299,-0.674246,0.0644698,-0.419935,0.805233,-0.174531,-0.380517,-0.426984,0.655258,0.339179,-0.522761,-0.354927,0.544017,0.650077,-0.394299,0.00690836,0.724563,0.688388,-0.0329198,-0.440234,0.705385,0.250291,0.495964,-0.318684,0.585211,0.513351,-0.540776,0.395603,-0.522634,-0.473532,0.588319,0.170496,-0.653033,0.720594,-0.158819,-0.0929519,0.716275,-0.00881358,-0.691544,0.0648144,0.726805,-0.0640776,-0.68077,0,0,0,0,-0.11684,0.651005,0.738572,-0.13058,-0.0137534,0.688496,0.056834,0.722879,0.0487694,0.760635,0.0498192,0.645426,0,0,0,0,0.0216762,-0.0202657,0.999097,-0.0304159,0,0,0,0,0,0,0,0,0,0,0,0,0,0,0,0,
0.0216942,-0.019718,0.99948,-0.0134188,0.0205737,-0.019703,0.999504,-0.0134409,0.0203448,-0.0151316,0.998243,-0.0535607,0,0,0,0,-0.0235756,0.73488,-0.674631,0.0653352,-0.433437,0.790757,-0.160119,-0.401494,-0.425813,0.61355,0.383117,-0.543563,-0.345703,0.567884,0.609562,-0.431777,0.00458382,0.726894,0.685774,-0.0363162,-0.449569,0.695152,0.245425,0.504399,-0.339041,0.561205,0.525742,-0.541937,0.376711,-0.512836,-0.422769,0.645255,0.167338,-0.652013,0.722466,-0.15786,-0.0981562,0.713597,-0.0105418,-0.693566,0.065318,0.725199,-0.0692243,-0.681929,0,0,0,0,-0.11892,0.65191,0.73712,-0.132384,-0.0108409,0.690867,0.0543169,0.720858,0.0553769,0.849788,0.0409906,0.522602,0,0,0,0,0.0198646,-0.0174215,0.999159,-0.0313585,0,0,0,0,0,0,0,0,0,0,0,0,0,0,0,0,
0.0181816,-0.0171878,0.999594,-0.0136369,0.0182031,-0.0171881,0.999594,-0.0136365,0.0190342,-0.012272,0.998285,-0.0539811,0,0,0,0,-0.0259295,0.733221,-0.676096,0.0678844,-0.439801,0.787886,-0.158366,-0.400912,-0.43329,0.614909,0.381929,-0.536915,-0.34728,0.575325,0.605695,-0.426064,0.000417067,0.728178,0.684182,-0.040643,-0.451902,0.702309,0.249956,0.489968,-0.350399,0.557639,0.516037,-0.54769,-0.384233,0.531136,0.482912,-0.580565,0.164727,-0.651246,0.723996,-0.156758,-0.100434,0.71103,-0.0110665,-0.695864,0.0627641,0.724262,-0.0701203,-0.683073,0,0,0,0,-0.12178,0.652153,0.736101,-0.134241,-0.010363,0.693511,0.0526985,0.718441,0.0545587,0.860473,0.0426029,0.504772,0,0,0,0,0.0186078,-0.0146454,0.999217,-0.0317052,0,0,0,0,0,0,0,0,0,0,0,0,0,0,0,0,
0.0186586,-0.0160245,0.999593,-0.0144183,0.0194503,-0.0160359,0.999578,-0.0144056,0.0210031,-0.0113916,0.998204,-0.0549404,0,0,0,0,-0.0296733,0.732031,-0.676735,0.0726592,-0.453016,0.779229,-0.147667,-0.407153,0.398956,-0.542722,-0.438154,0.595238,-0.348288,0.576342,0.589033,-0.446728,-0.000537956,0.727815,0.684451,-0.0425622,-0.466839,0.678107,0.224812,0.521241,-0.373753,0.567772,0.532527,-0.50434,-0.386775,0.554911,0.453445,-0.580402,0.16416,-0.650719,0.724397,-0.157684,-0.0921518,0.712804,-0.0148429,-0.695124,0.0522066,0.723948,-0.0732334,-0.683966,0,0,0,0,-0.121392,0.652466,0.735857,-0.13441,-0.0111505,0.693243,0.0508599,0.71882,0.0419983,0.689606,0.0547626,0.720889,0,0,0,0,0.020607,-0.0136299,0.999163,-0.0325957,0,0,0,0,0,0,0,0,0,0,0,0,0,0,0,0,
0.0189826,-0.0149648,0.999602,-0.0145699,0.0199049,-0.0149782,0.999584,-0.0145561,0.0215394,-0.0105381,0.998192,-0.0551085,0,0,0,0,-0.0341925,0.730041,-0.678185,0.0770439,-0.463628,0.768434,-0.134596,-0.420051,0.404637,-0.5238,-0.456007,0.594945,-0.347359,0.574355,0.572795,-0.470494,-0.00425976,0.728074,0.683936,-0.0460695,-0.475883,0.673931,0.21929,0.52083,-0.362329,0.526832,0.556031,-0.531032,0.352809,-0.539132,-0.415273,0.642193,0.164025,-0.649917,0.725069,-0.158048,-0.0874806,0.71384,-0.0180124,-0.69459,0.0512493,0.722941,-0.0792257,-0.684437,0,0,0,0,-0.121317,0.653312,0.735145,-0.134269,-0.0116203,0.693064,0.0493248,0.719093,0.0547196,0.810819,0.044634,0.581022,0,0,0,0,0.0211705,-0.0126809,0.999159,-0.0327615,0,0,0,0,0,0,0,0,0,0,0,0,0,0,0,0,
0.0202141,-0.0135703,0.999596,-0.0146881,0.0212791,-0.0135859,0.999574,-0.0146736,0.0230251,-0.00821772,0.998159,-0.0555043,0,0,0,0,-0.0390897,0.72644,-0.681179,0.0821732,-0.483512,0.761574,-0.117444,-0.415244,-0.451487,0.581351,0.46332,-0.493482,-0.316842,0.672297,0.304793,-0.595592,-0.00706842,0.727498,0.684325,-0.0489557,-0.482479,0.682437,0.222333,0.502058,-0.380566,0.52238,0.543625,-0.5355,0.346076,-0.550797,-0.429279,0.626557,0.163959,-0.649769,0.725036,-0.158875,-0.0843273,0.715268,-0.0203347,-0.693446,0.047104,0.72373,-0.0770603,-0.684148,0,0,0,0,-0.120516,0.653743,0.735109,-0.133081,-0.0120338,0.692229,0.0481995,0.719966,0.0515493,0.794601,0.0471028,0.603103,0,0,0,0,0.0226872,-0.010636,0.99914,-0.0330393,0,0,0,0,0,0,0,0,0,0,0,0,0,0,0,0,
0.0212006,-0.0129859,0.999572,-0.0153988,0.0231069,-0.0130153,0.99953,-0.015374,0.0256763,-0.00755612,0.998056,-0.0562781,0,0,0,0,-0.043675,0.723912,-0.682928,0.0874893,-0.49286,0.747531,-0.102911,-0.433238,0.432368,-0.50873,-0.476514,0.572002,-0.347135,0.594406,0.526766,-0.498695,-0.00796591,0.728187,0.68349,-0.0502113,-0.484448,0.694638,0.233581,0.477732,-0.405229,0.537358,0.514897,-0.530957,-0.372681,0.550514,0.566025,-0.487503,0.163856,-0.649201,0.72536,-0.159818,-0.0837298,0.716079,-0.0210589,-0.692659,0.0467064,0.725592,-0.0742941,-0.682507,0,0,0,0,-0.119413,0.654256,0.73488,-0.132819,-0.0127135,0.691547,0.0472075,0.720675,0.0392349,0.687888,0.0493483,0.723074,0,0,0,0,0.0253547,-0.00997905,0.999061,-0.0336911,0,0,0,0,0,0,0,0,0,0,0,0,0,0,0,0,
0.0202878,-0.012699,0.99958,-0.0163471,0.0234991,-0.0127514,0.99951,-0.0163062,0.0273595,-0.00762488,0.997984,-0.0567532,0,0,0,0,-0.047576,0.721967,-0.684146,0.0918995,-0.503032,0.759014,-0.118905,-0.395876,0.436878,-0.531605,-0.446813,0.571745,-0.396289,0.563993,0.566696,-0.451356,-0.00937691,0.726669,0.684932,-0.0522769,-0.506824,0.646855,0.182277,0.539892,-0.403332,0.519768,0.575178,-0.486143,0.395992,-0.533125,-0.460304,0.589142,0.163079,-0.647843,0.726721,-0.159946,-0.0840725,0.715406,-0.0208727,-0.693318,0.0454189,0.727441,-0.0670657,-0.681373,0,0,0,0,-0.119436,0.655044,0.733925,-0.134189,-0.0118631,0.692222,0.0475008,0.720022,0.0447685,0.74857,0.0447765,0.660026,0,0,0,0,0.0270444,-0.00997638,0.998998,-0.0342323,0,0,0,0,0,0,0,0,0,0,0,0,0,0,0,0,
0.0221593,-0.0122929,0.999533,-0.0170761,0.0259493,-0.0123576,0.999442,-0.0170294,0.0303683,-0.00752642,0.997857,-0.0574699,0,0,0,0,-0.0532547,0.720751,-0.68417,0.0979465,0.5357,-0.697828,0.0501112,0.472811,0.452544,-0.416987,-0.517296,0.594752,-0.269576,0.661934,0.494074,-0.495038,-0.0107281,0.726156,0.685319,-0.0540382,0.532516,-0.659984,-0.172829,-0.500978,-0.379352,0.533808,0.57372,-0.491921,0.419599,-0.51287,-0.470463,0.582723,0.163404,-0.647375,0.726773,-0.161263,-0.0839807,0.716747,-0.0212184,-0.691933,0.0454981,0.729061,-0.0658323,-0.679755,0,0,0,0,-0.117678,0.655316,0.734122,-0.133333,-0.0122119,0.690892,0.0469174,0.721331,0.0405766,0.685891,0.048416,0.724957,0,0,0,0,0.0300641,-0.00980539,0.998892,-0.0348407,0,0,0,0,0,0,0,0,0,0,0,0,0,0,0,0,
0.0226704,-0.0115794,0.999511,-0.0181341,0.0268343,-0.0116548,0.999408,-0.0180857,0.0315826,-0.00751574,0.997777,-0.0582048,0,0,0,0,-0.0562615,0.720915,-0.683221,0.101608,-0.539726,0.730811,-0.0875563,-0.408589,0.465225,-0.512493,-0.484963,0.534535,-0.38477,0.595208,0.486127,-0.511233,-0.0118222,0.724403,0.686975,-0.0562681,-0.550156,0.727668,0.208809,0.352457,-0.523045,0.667648,0.369513,-0.379645,-0.208237,0.515055,0.801444,-0.221456,0.163028,-0.646249,0.72764,-0.162249,-0.0843914,0.717089,-0.021188,-0.69153,0.0423981,0.730607,-0.0568484,-0.679105,0,0,0,0,-0.116729,0.656229,0.733384,-0.133736,-0.0135791,0.690538,0.0468742,0.721648,0.0398146,0.685605,0.0472858,0.725345,0,0,0,0,0.0312957,-0.00959786,0.998829,-0.0356171,0,0,0,0,0,0,0,0,0,0,0,0,0,0,0,0,
0.0257578,-0.0108541,0.999425,-0.0192196,0.0280256,-0.0108977,0.999363,-0.0191949,0.0308278,-0.00719999,0.997743,-0.0592217,0,0,0,0,-0.058039,0.719285,-0.684401,0.104188,-0.558073,0.706443,-0.0611248,-0.430994,0.471962,-0.462426,-0.506244,0.554194,-0.337143,0.631062,0.494966,-0.493056,-0.0144456,0.722073,0.689043,-0.0601869,-0.536291,0.634836,0.136527,0.539199,-0.445293,0.514875,0.576463,-0.452004,-0.41284,0.566187,0.464713,-0.54133,0.16381,-0.645581,0.727537,-0.164565,-0.0840675,0.719326,-0.0220502,-0.689215,0.0425801,0.730339,-0.0553517,-0.679506,0,0,0,0,-0.114153,0.656538,0.733752,-0.132421,-0.0139851,0.688339,0.0451812,0.723846,0.0378374,0.685696,0.0495803,0.725211,0,0,0,0,0.0305446,-0.0092746,0.998828,-0.0363887,0,0,0,0,0,0,0,0,0,0,0,0,0,0,0,0,
0.0270015,-0.00998806,0.999386,-0.0199905,0.0286226,-0.0100205,0.99934,-0.0199743,0.0307229,-0.00671816,0.997721,-0.059692,0,0,0,0,-0.0597297,0.716159,-0.68712,0.106836,-0.567742,0.714847,-0.0766313,-0.400987,0.460216,-0.462343,-0.503277,0.566703,-0.358495,0.581263,0.542636,-0.489042,-0.0159453,0.717891,0.693081,-0.0633776,0.571694,-0.671462,-0.140686,-0.450013,-0.318298,0.556844,0.587405,-0.493525,0.491377,-0.44791,-0.504501,0.550821,0.164423,-0.644115,0.728356,-0.166066,-0.0823468,0.720452,-0.0213396,-0.688268,0.042903,0.730756,-0.0522315,-0.679284,0,0,0,0,-0.113272,0.657641,0.732887,-0.132494,-0.0147288,0.687443,0.0457402,0.724646,0.0446698,0.79194,0.0435613,0.607403,0,0,0,0,0.0304663,-0.00860987,0.998811,-0.0370666,0,0,0,0,0,0,0,0,0,0,0,0,0,0,0,0,
0.0289501,-0.00961662,0.999341,-0.019692,0.030686,-0.00965081,0.999289,-0.0196753,0.0328766,-0.0065226,0.997663,-0.0595474,0,0,0,0,-0.0635024,0.71084,-0.691691,0.110627,-0.576851,0.711607,-0.077564,-0.3935,-0.494015,0.510268,0.49434,-0.501202,-0.417822,0.58036,0.480555,-0.507616,-0.0165531,0.716635,0.694319,-0.0638778,0.572097,-0.677279,-0.143446,-0.439797,-0.430001,0.532054,0.54607,-0.483555,-0.396728,0.565605,0.544602,-0.475507,0.166112,-0.642808,0.728915,-0.166998,-0.0807393,0.722023,-0.0210737,-0.686818,0.0439225,0.732228,-0.0528671,-0.677582,0,0,0,0,-0.112488,0.658712,0.732227,-0.131486,-0.0151146,0.686025,0.0459662,0.725967,0.035554,0.683838,0.0503605,0.727025,0,0,0,0,0.0326384,-0.00829208,0.998749,-0.036951,0,0,0,0,0,0,0,0,0,0,0,0,0,0,0,0,
0.0298748,-0.00888181,0.999322,-0.0196254,0.0309992,-0.00890389,0.999287,-0.0196154,0.0325347,-0.00605856,0.997679,-0.059511,0,0,0,0,-0.0645711,0.707221,-0.695082,0.111942,-0.590092,0.722468,-0.0931799,-0.348066,-0.49091,0.49293,-0.48462,0.530256,-0.481717,0.500383,-0.466168,0.547953,-0.0178787,0.713501,0.697323,-0.0658594,0.573574,-0.674338,-0.135444,-0.4449,-0.424407,0.535823,0.551044,-0.478668,-0.426882,0.530516,0.565783,-0.464988,0.167094,-0.64051,0.730622,-0.167385,-0.0794297,0.722872,-0.0211423,-0.686076,0.0465827,0.732437,-0.0538931,-0.677098,0,0,0,0,-0.111956,0.660756,0.730528,-0.131134,-0.0136881,0.685377,0.0465404,0.726571,0.0338835,0.68341,0.0510843,0.727457,0,0,0,0,0.0323162,-0.00771269,0.998764,-0.0369691,0,0,0,0,0,0,0,0,0,0,0,0,0,0,0,0,
0.0308804,-0.00803643,0.999322,-0.0183416,0.0321585,-0.00805988,0.999282,-0.0183313,0.0338013,-0.00570551,0.997691,-0.0586273,0,0,0,0,-0.0678735,0.704363,-0.697324,0.114041,-0.601925,0.714932,-0.0865358,-0.345065,-0.492256,0.498588,-0.491456,0.517267,-0.487533,0.502001,-0.467429,0.540201,-0.0193901,0.713845,0.696925,-0.0659053,0.589567,-0.680337,-0.145582,-0.410315,-0.403618,0.546478,0.554978,-0.480057,-0.433061,0.48677,0.645589,-0.398408,0.168703,-0.639544,0.731104,-0.167362,-0.0770429,0.723916,-0.0213136,-0.685242,0.0503642,0.73199,-0.065536,-0.676283,0,0,0,0,-0.112422,0.662124,0.729441,-0.129882,-0.0127146,0.684659,0.0471884,0.727223,0.0327044,0.681992,0.0525835,0.728734,0,0,0,0,0.0336064,-0.00720402,0.998756,-0.0361153,0,0,0,0,0,0,0,0,0,0,0,0,0,0,0,0,
0.0331138,-0.00721631,0.999279,-0.0171221,0.034327,-0.00723709,0.999238,-0.0171133,0.0358567,-0.00526875,0.997668,-0.0578419,0,0,0,0,-0.0708836,0.703432,-0.697689,0.115708,0.619985,-0.695567,0.0693781,0.356359,0.506097,-0.48044,0.510342,-0.502588,-0.450933,0.523223,-0.451802,0.5646,-0.0197389,0.71729,0.693541,-0.0640768,0.600688,-0.619142,-0.0647409,-0.501642,-0.459905,0.413709,0.628408,-0.47163,-0.304407,0.653412,0.487148,-0.493028,0.171048,-0.638097,0.731693,-0.167928,-0.0743105,0.725826,-0.0217122,-0.683508,0.0519149,0.733166,-0.0659391,-0.674851,0,0,0,0,-0.112036,0.663814,0.728296,-0.127998,-0.0125151,0.683035,0.0486094,0.728658,0.032858,0.680496,0.0541895,0.730006,0,0,0,0,0.0356882,-0.00660325,0.99872,-0.0352435,0,0,0,0,0,0,0,0,0,0,0,0,0,0,0,0,
0.0316338,-0.0110713,0.999302,-0.0164722,0.0349856,-0.0111265,0.999191,-0.0164349,0.0387042,-0.0131007,0.997611,-0.0556981,0,0,0,0,0.0740782,-0.695676,0.703541,-0.124809,-0.624435,0.704875,-0.093165,-0.323346,-0.49621,0.465424,-0.507352,0.528914,-0.453017,0.511926,-0.503734,0.528166,-0.0225407,0.71396,0.696817,-0.0648087,0.62482,-0.663217,-0.132724,-0.390035,-0.415245,0.504405,0.581221,-0.485108,-0.369026,0.554858,0.558545,-0.493943,0.172333,-0.638037,0.731862,-0.166098,-0.0734199,0.724676,-0.0208241,-0.684851,0.0518209,0.733308,-0.0660921,-0.67469,0,0,0,0,-0.112698,0.664086,0.727628,-0.129796,-0.0123247,0.684003,0.0505181,0.727624,0.046654,0.857477,0.0435381,0.51055,0,0,0,0,0.0384892,-0.0129384,0.998605,-0.0337618,0,0,0,0,0,0,0,0,0,0,0,0,0,0,0,0,
0.0317038,-0.0106007,0.999339,-0.0142487,0.0361838,-0.0106645,0.999187,-0.014201,0.0410452,-0.0122395,0.99774,-0.0517703,0,0,0,0,0.0810244,-0.694004,0.703734,-0.128657,-0.626096,0.720082,-0.1403,-0.2642,-0.288821,0.08661,-0.640599,0.706197,0.124717,-0.657663,0.706399,-0.230056,-0.0273893,0.718794,0.691742,-0.0638484,-0.63514,0.705145,0.274263,0.155392,-0.392904,0.548435,0.534697,-0.508866,-0.380221,0.545897,0.579799,-0.470384,0.174096,-0.637936,0.731752,-0.165126,-0.0725458,0.724862,-0.0200951,-0.684769,0.0573122,0.734206,-0.0698716,-0.672886,0,0,0,0,-0.114516,0.664727,0.726972,-0.128591,-0.0127974,0.683952,0.0497468,0.727716,0.0500832,0.924996,0.0416457,0.374353,0,0,0,0,0.0408238,-0.0125626,0.998607,-0.0309923,0,0,0,0,0,0,0,0,0,0,0,0,0,0,0,0,
0.0345313,-0.0114105,0.999267,-0.0119606,0.0377854,-0.0114493,0.999149,-0.0119234,0.041468,-0.011896,0.997881,-0.0487021,0,0,0,0,0.0896545,-0.694126,0.701519,-0.134247,-0.628449,0.717878,-0.138446,-0.265586,-0.285812,0.0858627,-0.644563,0.703902,0.134929,-0.643666,0.724243,-0.207268,-0.0358168,0.711958,0.697899,-0.0690653,-0.633026,0.70419,0.266769,0.179527,-0.410683,0.562982,0.52251,-0.491298,-0.402821,0.547464,0.591069,-0.434345,0.178195,-0.637523,0.731055,-0.165438,-0.0711665,0.726928,-0.01964,-0.682734,0.0582428,0.734577,-0.0698429,-0.672403,0,0,0,0,-0.114745,0.665284,0.726816,-0.126373,-0.0146243,0.681821,0.0508851,0.7296,0.0461793,0.865495,0.0490568,0.496367,0,0,0,0,0.0412201,-0.0127168,0.998675,-0.0280599,0,0,0,0,0,0,0,0,0,0,0,0,0,0,0,0,
0.032221,-0.0103445,0.999384,-0.00924932,0.0364888,-0.0103839,0.999238,-0.00920505,0.0411816,-0.0106055,0.998038,-0.0459598,0,0,0,0,0.0945917,-0.690676,0.703744,-0.136978,0.642627,-0.62211,-0.0366648,0.445719,0.52985,-0.379782,0.605981,-0.455864,-0.357095,0.615365,-0.382407,0.589554,-0.0421481,0.711875,0.697416,-0.0711894,-0.633722,0.701793,0.276831,0.171021,-0.392042,0.546042,0.536906,-0.509777,-0.398236,0.518134,0.605678,-0.453982,0.178124,-0.639383,0.72995,-0.163203,-0.0695914,0.725591,-0.0192239,-0.684329,0.0556424,0.736774,-0.0553023,-0.671572,0,0,0,0,-0.11845,0.664346,0.727216,-0.125585,-0.0163714,0.683482,0.0524684,0.727895,0.0477325,0.87527,0.0491335,0.478758,0,0,0,0,0.0409481,-0.011633,0.998768,-0.0255205,0,0,0,0,0,0,0,0,0,0,0,0,0,0,0,0,
0.0332441,-0.00938671,0.999376,-0.00737945,0.0387538,-0.00942725,0.999177,-0.00732758,0.044668,-0.0101152,0.997959,-0.0444948,0,0,0,0,0.0980976,-0.694658,0.699146,-0.137917,0.668773,-0.667334,0.0898202,0.315184,0.524009,-0.443206,0.531082,-0.496925,-0.398967,0.56719,-0.464321,0.550932,-0.0410059,0.716162,0.693515,-0.0668359,-0.623106,0.695119,0.338889,0.117057,-0.473099,0.646636,0.453828,-0.389973,-0.300149,0.333929,0.860962,-0.239054,0.178936,-0.639242,0.730122,-0.162089,-0.069207,0.726404,-0.0196342,-0.683492,0.058556,0.738288,-0.0546044,-0.669717,0,0,0,0,-0.11851,0.665545,0.726544,-0.123041,-0.0176849,0.682719,0.0538871,0.728476,0.0496003,0.892804,0.0476535,0.445163,0,0,0,0,0.0444565,-0.0110211,0.998661,-0.0240698,0,0,0,0,0,0,0,0,0,0,0,0,0,0,0,0,
0.0305142,-0.0076678,0.999482,-0.00669812,0.0364436,-0.0077074,0.999284,-0.00665251,0.0427131,-0.00859387,0.998044,-0.044828,0,0,0,0,0.0959825,-0.690302,0.704056,-0.13629,0.673299,-0.67462,0.120063,0.277743,-0.495049,0.44169,-0.538743,0.519222,-0.411279,0.545177,-0.488615,0.543035,-0.0368877,0.703632,0.705811,-0.0732882,0.634499,-0.682218,-0.182163,-0.314333,-0.506931,0.600319,0.476502,-0.39444,-0.334859,0.424021,0.813606,-0.214759,0.177379,-0.639684,0.730386,-0.160867,-0.0682015,0.724701,-0.0173806,-0.685459,0.0590962,0.73847,-0.0525895,-0.66963,0,0,0,0,-0.121167,0.66541,0.726095,-0.123833,-0.0188233,0.68473,0.0548189,0.726489,0.0496396,0.87889,0.05084,0.471703,0,0,0,0,0.0425516,-0.00912637,0.998764,-0.0239952,0,0,0,0,0,0,0,0,0,0,0,0,0,0,0,0,
0.0299609,-0.00837507,0.9995,-0.00568131,0.0355146,-0.00840651,0.999318,-0.00563468,0.0414637,-0.00767733,0.998129,-0.0442865,0,0,0,0,0.0969041,-0.68449,0.709412,-0.13718,0.668875,-0.680616,0.158558,0.253432,-0.504221,0.422062,-0.51518,0.549741,-0.400765,0.560546,-0.535951,0.487782,-0.04406,0.706999,0.70224,-0.071209,0.657986,-0.617307,-0.106875,-0.417808,-0.445135,0.41166,0.632009,-0.482655,-0.292347,0.634902,0.518806,-0.492213,0.178327,-0.639011,0.730977,-0.1598,-0.0676627,0.724332,-0.0159582,-0.685937,0.0608481,0.738644,-0.051592,-0.669359,0,0,0,0,-0.121915,0.666426,0.725026,-0.123897,-0.0208119,0.685054,0.0560884,0.726032,0.0544556,0.887796,0.0476742,0.454511,0,0,0,0,0.0412856,-0.00870066,0.998844,-0.0230498,0,0,0,0,0,0,0,0,0,0,0,0,0,0,0,0,
0.025569,-0.00852559,0.999623,-0.00522979,0.0345116,-0.00857204,0.999354,-0.00515331,0.0439202,-0.00711762,0.998033,-0.0441558,0,0,0,0,0.0991793,-0.685317,0.707976,-0.138834,-0.671324,0.681933,-0.205191,-0.205398,-0.483231,0.439528,-0.50951,0.560092,0.417503,-0.518631,0.55521,-0.498453,-0.0375178,0.694435,0.714624,-0.0752659,0.648953,-0.616274,-0.105627,-0.433486,-0.446101,0.431147,0.627219,-0.470852,-0.315702,0.618701,0.527749,-0.488899,0.175507,-0.638752,0.732626,-0.15637,-0.0686035,0.721178,-0.0139074,-0.689205,0.0671176,0.740712,-0.0521376,-0.666426,0,0,0,0,-0.124189,0.667069,0.723717,-0.125817,-0.0209339,0.688229,0.056653,0.722975,0.0537476,0.924554,0.048103,0.374161,0,0,0,0,0.0437427,-0.00833645,0.998751,-0.0226608,0,0,0,0,0,0,0,0,0,0,0,0,0,0,0,0,
0.0247804,-0.00919262,0.999645,-0.00333924,0.0352794,-0.00922719,0.99933,-0.0032425,0.0463184,-0.00724459,0.998011,-0.0421555,0,0,0,0,0.107847,-0.686952,0.703727,-0.14572,0.678733,-0.677408,0.187991,0.212366,-0.485751,0.447188,-0.520388,0.541539,-0.413332,0.534848,-0.532554,0.509392,-0.0420892,0.688925,0.719222,-0.0795665,0.645931,-0.626689,-0.132131,-0.415422,-0.453632,0.483457,0.597882,-0.450582,-0.372708,0.588807,0.531795,-0.481237,0.177355,-0.637787,0.733324,-0.154951,-0.0660284,0.720825,-0.00913623,-0.689905,0.0672929,0.740341,-0.0524602,-0.666795,0,0,0,0,-0.125762,0.668413,0.722234,-0.125646,-0.0235149,0.688687,0.0592094,0.722255,0.0527983,0.927649,0.0509764,0.36617,0,0,0,0,0.0461328,-0.00860164,0.998687,-0.0205614,0,0,0,0,0,0,0,0,0,0,0,0,0,0,0,0,
0.0239095,-0.00996103,0.999659,-0.00326294,0.0363578,-0.0100009,0.999284,-0.00313863,0.0494059,-0.00769227,0.997849,-0.0423897,0,0,0,0,0.107251,-0.683019,0.707761,-0.14511,0.688067,-0.670291,0.145816,0.236666,0.48328,-0.460642,0.543643,-0.508627,-0.415036,0.536171,-0.484376,0.552853,-0.0361231,0.681494,0.727001,-0.0757013,0.641801,-0.639509,-0.167985,-0.388459,-0.4315,0.392859,0.613188,-0.53242,-0.281965,0.630419,0.580469,-0.43142,0.177101,-0.639027,0.732371,-0.154636,-0.0662344,0.720126,-0.00647239,-0.690644,0.0690715,0.743814,-0.0481023,-0.663066,0,0,0,0,-0.126173,0.667503,0.722932,-0.126053,-0.0235272,0.689322,0.0557394,0.721924,0.0440942,0.91282,0.0609617,0.401372,0,0,0,0,0.049209,-0.00911216,0.998534,-0.0206019,0,0,0,0,0,0,0,0,0,0,0,0,0,0,0,0,
0.0256158,-0.0114829,0.9996,-0.00351753,0.0373202,-0.0115233,0.999231,-0.00338281,0.0496853,-0.00936038,0.997803,-0.0428232,0,0,0,0,0.110265,-0.676967,0.712017,-0.150297,-0.671627,0.690897,-0.210856,-0.164678,-0.336857,0.306406,-0.60227,0.655678,0.214486,-0.570717,0.762812,-0.215399,-0.0395063,0.683388,0.724648,-0.0794103,0.640909,-0.639899,-0.18739,-0.380328,-0.441072,0.406529,0.599987,-0.529344,-0.297406,0.625248,0.578845,-0.430758,0.178918,-0.638065,0.732593,-0.155461,-0.0673052,0.721093,-0.00580085,-0.689537,0.0716771,0.745173,-0.0417688,-0.661691,0,0,0,0,-0.124563,0.668368,0.722445,-0.125864,-0.0268856,0.687957,0.0558819,0.723098,0.0440004,0.894259,0.0624488,0.440981,0,0,0,0,0.0494572,-0.0107052,0.9985,-0.0209149,0,0,0,0,0,0,0,0,0,0,0,0,0,0,0,0,
0.0267186,-0.00798976,0.999593,-0.00597351,0.0373922,-0.00805309,0.999251,-0.00588784,0.0485676,-0.0064779,0.997803,-0.0445894,0,0,0,0,0.111328,-0.680655,0.70739,-0.15464,-0.673322,0.686093,-0.225914,-0.157723,-0.321391,0.281389,-0.609205,0.668129,0.196722,-0.581054,0.764323,-0.198711,-0.0506601,0.706771,0.701525,-0.0759634,0.651094,-0.628282,-0.203587,-0.37402,-0.439526,0.418638,0.605236,-0.515024,-0.300917,0.615412,0.569464,-0.454343,0.177411,-0.634797,0.735266,-0.157931,-0.064031,0.722286,0.0029829,-0.688618,0.0725585,0.746166,-0.0397941,-0.660597,0,0,0,0,-0.122392,0.670879,0.720467,-0.125974,-0.0350589,0.686929,0.0590978,0.723468,0.039235,0.881802,0.0658848,0.465344,0,0,0,0,0.0484161,-0.00759655,0.998534,-0.022962,0,0,0,0,0,0,0,0,0,0,0,0,0,0,0,0,
0.0343371,-0.0103768,0.999337,-0.00616958,0.0428504,-0.010429,0.999009,-0.00608094,0.0519206,-0.00863495,0.997587,-0.0452678,0,0,0,0,0.114323,-0.672539,0.713475,-0.159924,-0.673396,0.684117,-0.248629,-0.129251,-0.357585,0.223408,-0.568181,0.706676,0.204702,-0.570837,0.740642,-0.289294,-0.050566,0.712128,0.696289,-0.074156,-0.630616,0.650685,0.286443,0.311262,-0.422174,0.510015,0.559555,-0.49855,-0.390805,0.513508,0.668336,-0.370011,0.183931,-0.629933,0.737148,-0.161144,-0.0637927,0.72732,0.00717913,-0.68329,0.0738014,0.748037,-0.0362399,-0.658544,0,0,0,0,-0.116796,0.675725,0.7173,-0.123431,-0.0372554,0.681242,0.0590047,0.728725,0.0344773,0.871282,0.0710625,0.484386,0,0,0,0,0.05172,-0.00985319,0.998338,-0.0234487,0,0,0,0,0,0,0,0,0,0,0,0,0,0,0,0,
0.0439606,-0.0105995,0.998944,-0.00810714,0.0461192,-0.010617,0.998847,-0.00808422,0.0487157,-0.00847212,0.99767,-0.0470143,0,0,0,0,0.108954,-0.66862,0.718582,-0.157213,-0.668694,0.689552,-0.26017,-0.0983742,-0.241532,0.266428,-0.630806,0.687578,0.130666,-0.495258,0.819931,-0.255653,-0.0433534,0.703643,0.704392,-0.0826964,-0.61615,0.664492,0.308124,0.289601,0.329431,-0.334689,-0.595886,0.651444,-0.214525,0.568628,0.770099,-0.193879,0.188318,-0.62933,0.735165,-0.16737,-0.0638893,0.733826,0.00682411,-0.676292,0.0747758,0.747334,-0.0291058,-0.659585,0,0,0,0,-0.109239,0.675797,0.719243,-0.118554,-0.041908,0.67398,0.0566933,0.735378,0.0273379,0.895093,0.0767133,0.438379,0,0,0,0,0.0485067,-0.00980708,0.998455,-0.0252726,0,0,0,0,0,0,0,0,0,0,0,0,0,0,0,0,
0.0448678,-0.0122165,0.998885,-0.0082,0.0492209,-0.0122521,0.99868,-0.00814668,0.0541291,-0.0101479,0.997356,-0.0474221,0,0,0,0,0.120089,-0.662121,0.719337,-0.172423,-0.667515,0.68696,-0.256763,-0.128768,-0.373881,0.38101,-0.564308,0.629763,0.295661,-0.478463,0.785761,-0.257365,-0.0472887,0.699824,0.707118,-0.0894133,-0.631183,0.66306,0.303475,0.264316,-0.369834,0.48538,0.578354,-0.541419,-0.309208,0.47497,0.775755,-0.277486,0.189587,-0.629408,0.734678,-0.167781,-0.0624974,0.734493,0.00526886,-0.675711,0.0781325,0.748017,-0.0321702,-0.658279,0,0,0,0,-0.108271,0.675807,0.719383,-0.118531,-0.0463445,0.673079,0.0557545,0.736008,0.0285249,0.874975,0.0788255,0.476855,0,0,0,0,0.0538929,-0.011462,0.998155,-0.0255208,0,0,0,0,0,0,0,0,0,0,0,0,0,0,0,0,
0.0449011,-0.0113793,0.998871,-0.0105212,0.0531631,-0.011466,0.998466,-0.0104267,0.0620075,-0.00941545,0.996805,-0.0494586,0,0,0,0,0.117973,-0.659621,0.722352,-0.170852,-0.667492,0.685064,-0.252917,-0.145515,-0.373532,0.366399,-0.56823,0.635091,0.289664,-0.480318,0.789568,-0.24894,-0.0404493,0.715123,0.694401,-0.0690704,-0.624302,0.652799,0.334883,0.268242,-0.454657,0.563477,0.51046,-0.463908,-0.389293,0.466862,0.719721,-0.335399,0.187495,-0.627733,0.736452,-0.16863,-0.063182,0.734353,0.0129635,-0.675696,0.0770999,0.755707,-0.0261275,-0.649831,0,0,0,0,-0.105854,0.677279,0.718242,-0.119229,-0.0522856,0.672713,0.0559695,0.735929,0.0264814,0.874054,0.0852085,0.477565,0,0,0,0,0.061802,-0.0106582,0.997648,-0.0276584,0,0,0,0,0,0,0,0,0,0,0,0,0,0,0,0,
0.0450694,-0.015939,0.998829,-0.007478,0.05379,-0.0160037,0.998397,-0.00733853,0.0632173,-0.0165226,0.996845,-0.0450617,0,0,0,0,0.125583,-0.670487,0.710663,-0.172145,-0.672626,0.680102,-0.264758,-0.122222,-0.358159,0.346409,-0.57648,0.647607,0.27151,-0.472269,0.803021,-0.241665,-0.0452527,0.705988,0.703231,-0.0706983,0.638116,-0.64334,-0.277739,-0.319035,-0.44267,0.469707,0.557914,-0.52168,-0.339028,0.59587,0.602865,-0.408109,0.190587,-0.630371,0.73398,-0.166078,-0.0664736,0.733739,0.0161104,-0.67598,0.0770321,0.755059,-0.0232593,-0.6507,0,0,0,0,-0.106977,0.675686,0.719764,-0.118085,-0.0501757,0.672693,0.0569765,0.736016,0.0358154,0.89751,0.0839765,0.431442,0,0,0,0,0.0629286,-0.0168267,0.997595,-0.0236838,0,0,0,0,0,0,0,0,0,0,0,0,0,0,0,0,
0.0445949,-0.0161359,0.998845,-0.0077373,0.0525693,-0.0161971,0.998457,-0.0076082,0.0612747,-0.0152923,0.996915,-0.0465994,0,0,0,0,0.120555,-0.670098,0.71294,-0.167784,-0.683618,0.678274,-0.228296,-0.143151,-0.0996132,-0.099698,-0.679523,0.71999,-0.197707,-0.558291,0.708246,-0.384201,-0.0365186,0.699912,0.709244,-0.075914,0.660953,-0.664272,-0.215725,-0.274493,-0.361793,0.515433,0.608126,-0.483341,-0.226851,0.66528,0.616254,-0.355206,0.18852,-0.631547,0.733776,-0.164868,-0.0677016,0.733123,0.0224937,-0.676344,0.0752621,0.752998,-0.0294308,-0.653041,0,0,0,0,-0.105703,0.675776,0.720007,-0.117235,-0.0439824,0.673287,0.0623028,0.735437,0.0340722,0.81104,0.0829451,0.578078,0,0,0,0,0.0609724,-0.0160939,0.997701,-0.0248374,0,0,0,0,0,0,0,0,0,0,0,0,0,0,0,0,
0.0368528,-0.0164365,0.999149,-0.00853693,0.0529628,-0.016572,0.998425,-0.00827072,0.0700785,-0.0153706,0.996297,-0.0473885,0,0,0,0,0.136164,-0.661125,0.713024,-0.189658,-0.680022,0.677213,-0.233958,-0.155617,-0.000195397,0.18169,0.688121,-0.70248,0.0216186,-0.661399,0.736825,-0.138465,-0.0404812,0.696301,0.711695,-0.0837637,-0.636423,0.665409,0.273155,0.278537,0.25758,-0.265512,-0.645202,0.668484,-0.120927,0.62937,0.735049,-0.221298,0.184227,-0.630057,0.736966,-0.161152,-0.0734776,0.727025,0.0285213,-0.682072,0.0732586,0.75764,-0.022662,-0.648152,0,0,0,0,-0.109718,0.676433,0.717867,-0.122744,-0.0279772,0.679439,0.0713111,0.729723,0.051076,0.687936,0.0826344,0.719241,0,0,0,0,0.0697814,-0.0162625,0.997104,-0.0255051,0,0,0,0,0,0,0,0,0,0,0,0,0,0,0,0,
0.0393951,-0.0175451,0.999028,-0.00916986,0.0491549,-0.0176339,0.998595,-0.00899798,0.0597499,-0.0155374,0.996946,-0.0478145,0,0,0,0,-0.130676,0.697102,-0.688195,0.152839,-0.674956,0.664337,-0.309596,-0.0850976,-0.341046,0.358129,-0.584285,0.643461,0.271775,-0.442713,0.82575,-0.219728,-0.0344917,0.691019,0.717697,-0.0788245,-0.631432,0.670829,0.279081,0.270916,-0.645579,0.683916,0.235162,-0.245326,-0.112448,0.616716,0.765873,-0.143022,0.185318,-0.631082,0.735466,-0.162735,-0.0789796,0.727886,0.0304674,-0.680453,0.0685952,0.750183,-0.0195547,-0.657372,0,0,0,0,-0.107554,0.67546,0.719294,-0.121658,-0.0283818,0.677577,0.0684411,0.73171,0.0783598,0.697664,0.101081,0.704916,0,0,0,0,0.0594082,-0.016812,0.997751,-0.0260885,0,0,0,0,0,0,0,0,0,0,0,0,0,0,0,0,
0.0360657,-0.016566,0.999175,-0.00857035,0.0466286,-0.0166557,0.998738,-0.00839471,0.0580108,-0.0141872,0.997095,-0.0472659,0,0,0,0,0.115526,-0.687566,0.698737,-0.160228,-0.678173,0.675132,-0.280722,-0.0739849,-0.660617,0.709841,-0.169941,0.175587,0.115619,-0.40219,0.904101,-0.0864685,-0.031827,0.680939,0.727389,-0.0788292,0.641503,-0.661495,-0.238881,-0.306324,-0.386401,0.527761,0.586126,-0.478141,-0.44175,0.44383,0.662964,-0.410305,0.183892,-0.630979,0.736264,-0.161137,-0.0742608,0.726309,0.0317422,-0.682608,0.0611347,0.750087,-0.0157686,-0.658318,0,0,0,0,-0.110611,0.675537,0.718447,-0.123489,-0.0207445,0.680146,0.0719809,0.729239,0.0989897,0.73267,0.105355,0.665054,0,0,0,0,0.0576835,-0.0156318,0.997886,-0.0255195,0,0,0,0,0,0,0,0,0,0,0,0,0,0,0,0,
0.0400422,-0.016531,0.999047,-0.00526527,0.0462914,-0.0165637,0.998777,-0.00516175,0.0532892,-0.0139236,0.997521,-0.043809,0,0,0,0,0.118546,-0.684828,0.700867,-0.160446,-0.680019,0.675229,-0.27614,-0.0733918,-0.67655,0.722318,-0.102075,0.100589,0.049153,-0.481802,0.872943,-0.0584917,-0.041461,0.678225,0.728656,-0.0857535,0.63395,-0.657965,-0.25037,-0.320164,-0.386369,0.511585,0.586257,-0.495281,-0.415348,0.447791,0.680691,-0.404512,0.1885,-0.630767,0.735274,-0.161163,-0.081526,0.728104,0.032962,-0.679803,0.0553944,0.748403,-0.0117045,-0.660823,0,0,0,0,-0.110684,0.676914,0.717809,-0.119527,-0.00333494,0.677194,0.0768365,0.731774,0.0935487,0.735563,0.104315,0.662807,0,0,0,0,0.0529594,-0.0154452,0.998231,-0.0221529,0,0,0,0,0,0,0,0,0,0,0,0,0,0,0,0,
0.0328563,-0.0151572,0.99933,-0.00553889,0.0432487,-0.015214,0.998934,-0.00538094,0.0544299,-0.0124073,0.997486,-0.0436444,0,0,0,0,0.120371,-0.684849,0.700004,-0.162752,-0.679475,0.668779,-0.291392,-0.0783594,-0.663484,0.709211,-0.167329,0.169736,0.0875153,-0.489066,0.862529,-0.0959122,-0.053813,0.717558,0.690604,-0.0726615,-0.652897,0.648508,0.289585,0.263255,-0.187654,0.205465,0.678824,-0.679536,-0.0588208,0.680808,0.71306,-0.156802,0.183725,-0.630372,0.737569,-0.157696,-0.0919062,0.721827,0.0372873,-0.684929,0.0547878,0.751955,-0.0126452,-0.656812,0,0,0,0,-0.115228,0.676697,0.716581,-0.123755,0.0109217,0.682254,0.0792213,0.726728,0.129549,0.666857,0.131978,0.721873,0,0,0,0,0.054131,-0.0140019,0.99819,-0.022155,0,0,0,0,0,0,0,0,0,0,0,0,0,0,0,0,
0.0338656,-0.0118443,0.999341,-0.00552051,0.0348411,-0.0118496,0.999307,-0.00550895,0.0363255,-0.00802738,0.998344,-0.0438666,0,0,0,0,0.122421,-0.682681,0.699728,-0.171291,-0.685762,0.665223,-0.280787,-0.0914691,0.456782,-0.497865,0.525537,-0.517002,0.437416,-0.516611,0.538554,-0.501736,-0.0873031,0.713349,0.687942,-0.101222,0.644464,-0.64107,-0.295064,-0.294332,-0.42029,0.526144,0.570598,-0.470049,-0.435871,0.505443,0.592269,-0.451399,0.183881,-0.629058,0.738337,-0.15916,-0.0992778,0.721719,0.0434423,-0.683651,0.0492563,0.744329,-0.0119547,-0.665887,0,0,0,0,-0.115832,0.677891,0.715479,-0.123025,0.0238055,0.681343,0.0846281,0.726665,0.107894,0.662597,0.119299,0.731499,0,0,0,0,0.0360698,-0.0100955,0.999047,-0.0223952,0,0,0,0,0,0,0,0,0,0,0,0,0,0,0,0,
0.0310196,-0.0106725,0.999447,-0.0053671,0.0295657,-0.0106647,0.999491,-0.00538262,0.0285493,-0.00682786,0.99859,-0.0442334,0,0,0,0,0.0908155,-0.69607,0.700438,-0.128941,-0.675782,0.66496,-0.312442,-0.0593922,-0.586946,0.646203,-0.351869,0.337793,0.207262,-0.4537,0.847704,-0.180545,-0.0509104,0.698684,0.70821,-0.0876764,0.646572,-0.654576,-0.252309,-0.299692,0.17879,-0.140996,-0.691072,0.685983,-0.0732101,0.678873,0.718493,-0.132438,0.181543,-0.629611,0.738768,-0.157653,-0.104116,0.71914,0.0462987,-0.685459,0.0400659,0.733459,-0.00959839,-0.678484,0,0,0,0,-0.117893,0.677856,0.714956,-0.124295,0.0288732,0.683321,0.080844,0.725054,0.0930604,0.569387,0.10479,0.810035,0,0,0,0,0.0283021,-0.00891268,0.999305,-0.0225574,0,0,0,0,0,0,0,0,0,0,0,0,0,0,0,0,
0.0271263,-0.0120014,0.999531,-0.00755785,0.0338138,-0.0120517,0.999327,-0.00747737,0.0410842,-0.00904049,0.998037,-0.0464038,0,0,0,0,0.0960594,-0.695604,0.698724,-0.136717,-0.697066,0.651411,-0.284062,-0.0952468,-0.035584,0.174956,0.683336,-0.707938,-0.0333464,-0.678259,0.72612,-0.107715,-0.0375154,0.692168,0.716463,-0.0785974,0.647794,-0.655771,-0.230068,-0.312083,-0.419414,0.501882,0.575905,-0.490449,-0.387588,0.501041,0.689186,-0.351789,0.175881,-0.632445,0.738168,-0.155522,-0.115553,0.714231,0.0505577,-0.688452,0.0404708,0.739523,-0.0232207,-0.671513,0,0,0,0,-0.117213,0.676092,0.716325,-0.126642,0.0336885,0.685799,0.0731348,0.723323,0.0925413,0.590029,0.0909206,0.796891,0,0,0,0,0.0408278,-0.0107361,0.998804,-0.0246847,0,0,0,0,0,0,0,0,0,0,0,0,0,0,0,0,
0.0287365,-0.0108257,0.999516,-0.00504741,0.0318027,-0.0108411,0.999423,-0.00501417,0.0353631,-0.0074022,0.998398,-0.043539,0,0,0,0,0.0953741,-0.66876,0.724364,-0.137701,-0.691013,0.653623,-0.302357,-0.0621188,-0.0250744,-0.084416,-0.673017,0.734366,-0.210224,-0.651442,0.68818,-0.240492,-0.0460361,0.685774,0.721245,-0.0860255,0.645485,-0.656677,-0.241254,-0.306465,-0.410292,0.480934,0.579638,-0.514182,-0.357417,0.507613,0.702415,-0.348131,0.178582,-0.63383,0.736236,-0.15596,-0.121898,0.71441,0.0494675,-0.68725,0.0270363,0.737479,-0.0207004,-0.674511,0,0,0,0,-0.119527,0.675533,0.716788,-0.124833,0.0358093,0.684678,0.0652446,0.725036,0.0880267,0.620997,0.0752256,0.775213,0,0,0,0,0.03513,-0.00923163,0.9991,-0.0218871,0,0,0,0,0,0,0,0,0,0,0,0,0,0,0,0,
0.00958949,-0.00808701,0.99991,-0.00485326,0.0168844,-0.00812221,0.999813,-0.00479413,0.0246816,-0.00460678,0.998725,-0.0437986,0,0,0,0,0.0914143,-0.665077,0.728481,-0.136499,-0.675254,0.678403,-0.280619,-0.0710866,-0.655276,0.710436,-0.181999,0.181024,0.0617453,-0.589224,0.797821,-0.111732,-0.0579349,0.685004,0.71941,-0.0993136,0.646318,-0.657223,-0.247737,-0.298257,-0.417794,0.48703,0.572182,-0.510742,-0.351847,0.52197,0.714084,-0.306325,0.166206,-0.632337,0.742585,-0.145232,0.129324,-0.700259,-0.0578273,0.699692,0.0141361,0.732446,-0.0161929,-0.680486,0,0,0,0,-0.131225,0.675706,0.712704,-0.13511,0.0376785,0.698558,0.0620908,0.711859,0.0849434,0.60587,0.0679519,0.788092,0,0,0,0,0.0244898,-0.0065143,0.999437,-0.0219941,0,0,0,0,0,0,0,0,0,0,0,0,0,0,0,0,
7.29999e-005,-0.0104409,0.999922,-0.00692022,0.0116305,-0.0105202,0.999854,-0.00679908,0.0238622,-0.00707345,0.998638,-0.0458488,0,0,0,0,0.0854774,-0.662684,0.732093,-0.132606,-0.665119,0.669356,-0.33072,-0.0142877,0.0902549,-0.0635573,-0.663323,0.740146,-0.0942648,-0.602506,0.79248,-0.00875066,-0.052715,0.681517,0.723426,-0.0970119,0.647604,-0.659638,-0.230283,-0.304066,0.218483,-0.182804,-0.682971,0.672606,-0.0963569,0.668755,0.718282,-0.165991,0.159073,-0.636698,0.741142,-0.141489,0.134551,-0.692165,-0.0565927,0.706825,-0.00223299,0.731031,-0.0108833,-0.682254,0,0,0,0,-0.135843,0.672061,0.713825,-0.1426,0.0416266,0.704886,0.053572,0.706069,0.0824381,0.611757,0.0567658,0.784688,0,0,0,0,0.0236133,-0.00897822,0.999393,-0.0240045,0,0,0,0,0,0,0,0,0,0,0,0,0,0,0,0,
-0.000877933,-0.00741354,0.999963,-0.00436484,0.01023,-0.00746157,0.999911,-0.00428222,0.021883,-0.00370161,0.998819,-0.0432106,0,0,0,0,0.085559,-0.66332,0.732118,-0.129183,-0.669542,0.679495,-0.287285,-0.0864158,0.0253759,0.00959996,-0.678562,0.734042,-0.0435068,-0.585759,0.808819,-0.0283704,-0.0549197,0.675335,0.728983,-0.0974153,-0.64832,0.665272,0.279033,0.243382,-0.379272,0.468634,0.581683,-0.546058,-0.322134,0.494617,0.726211,-0.352423,0.15977,-0.635262,0.742504,-0.140012,0.13846,-0.691317,-0.0570162,0.706866,-0.00802901,0.730194,-0.00744452,-0.683152,0,0,0,0,-0.13905,0.674143,0.711445,-0.141571,0.0406132,0.705922,0.0480574,0.705489,0.0805877,0.611881,0.0491025,0.7853,0,0,0,0,0.0217036,-0.00567434,0.999519,-0.0213898,0,0,0,0,0,0,0,0,0,0,0,0,0,0,0,0,
-0.00206287,-0.00685699,0.999966,-0.00399783,0.00723361,-0.00689386,0.999942,-0.00393391,0.0170263,-0.00342761,0.998918,-0.0431364,0,0,0,0,0.0840516,-0.666328,0.72984,-0.127576,-0.666986,0.685989,-0.275908,-0.0917799,0.0882722,-0.0422353,-0.673211,0.732947,-0.0723135,-0.560706,0.824799,0.00933748,-0.0606533,0.678322,0.725063,-0.102389,-0.637277,0.677571,0.275601,0.242529,0.288085,-0.262911,-0.617451,0.683109,-0.17291,0.564245,0.787077,-0.179557,0.159417,-0.634619,0.743263,-0.139305,0.137373,-0.69084,-0.0555185,0.707663,-0.0175649,0.725142,-0.0136957,-0.688239,0,0,0,0,-0.140229,0.675118,0.710129,-0.142364,0.0371581,0.70704,0.0445236,0.704792,0.082088,0.626812,0.0452377,0.773512,0,0,0,0,0.0168523,-0.00531674,0.999618,-0.0212433,0,0,0,0,0,0,0,0,0,0,0,0,0,0,0,0,
0.00889479,-0.00632775,0.999935,-0.00321109,0.011868,-0.00633727,0.999904,-0.00319226,0.0152107,-0.00295354,0.998983,-0.042341,0,0,0,0,0.0948507,-0.665168,0.726994,-0.141544,-0.671544,0.688135,-0.248564,-0.117111,0.417247,-0.501578,0.547844,-0.523633,0.391711,-0.523751,0.573112,-0.493751,-0.0740336,0.674519,0.72484,-0.118955,-0.642233,0.66282,0.249151,0.29348,-0.354714,0.420975,0.607563,-0.572561,-0.264085,0.509622,0.744927,-0.340043,0.165397,-0.635922,0.739835,-0.14454,0.13657,-0.698771,-0.0478543,0.700555,-0.00764251,0.723746,-0.0353947,-0.689116,0,0,0,0,-0.134113,0.675017,0.712904,-0.134657,0.0328053,0.699608,0.0390067,0.712707,0.0799739,0.635455,0.0376834,0.76706,0,0,0,0,0.0150496,-0.00480373,0.999665,-0.0204906,0,0,0,0,0,0,0,0,0,0,0,0,0,0,0,0,
0.00496116,-0.00468054,0.999969,-0.00399921,0.0147632,-0.00471952,0.999872,-0.00395313,0.0248993,-0.00179712,0.998769,-0.042864,0,0,0,0,0.0741872,-0.679369,0.721581,-0.110794,-0.680483,0.685087,-0.22327,-0.133227,-0.030791,-0.0923279,-0.685247,0.721778,-0.297313,-0.608189,0.657983,-0.329803,-0.038124,0.679459,0.728741,-0.0762787,-0.650626,0.669799,0.247358,0.258591,0.242575,-0.197011,-0.65747,0.685622,-0.104225,0.653811,0.722283,-0.199937,0.162272,-0.637047,0.739685,-0.143893,0.136278,-0.696453,-0.0409649,0.703352,0.0163447,0.725052,-0.0561219,-0.686209,0,0,0,0,-0.137018,0.67398,0.712807,-0.137418,0.0313742,0.702599,0.0366084,0.709951,0.0735395,0.676201,0.0224598,0.732694,0,0,0,0,0.0247867,-0.0034103,0.999465,-0.0210805,0,0,0,0,0,0,0,0,0,0,0,0,0,0,0,0,
-0.00455222,-0.00259132,0.999981,-0.0032241,0.00638299,-0.00262643,0.999971,-0.00319557,0.0176274,0.000633303,0.998961,-0.0420217,0,0,0,0,0.0774741,-0.680043,0.71998,-0.11475,-0.662304,0.696225,-0.26262,-0.0874942,-0.658961,0.731617,-0.148899,0.0913033,0.0106908,-0.454479,0.889793,-0.0400338,-0.0519325,0.678904,0.726792,-0.0903642,-0.647649,0.670457,0.243296,0.268041,0.231122,-0.181872,-0.663025,0.688406,-0.097553,0.659067,0.722134,-0.186111,0.157673,-0.635092,0.743268,-0.139107,0.127271,-0.691952,-0.0228305,0.710269,0.0383116,0.722679,-0.0622084,-0.687312,0,0,0,0,-0.144141,0.674999,0.709346,-0.142927,0.031196,0.709458,0.0340607,0.703233,0.0692833,0.638869,0.0223401,0.765864,0,0,0,0,0.0175502,-0.00113554,0.99964,-0.0202826,0,0,0,0,0,0,0,0,0,0,0,0,0,0,0,0,
-0.00646479,-0.00244859,0.999967,-0.00427223,0.00681614,-0.00250511,0.999965,-0.00423934,0.0204134,0.000394995,0.998857,-0.0432186,0,0,0,0,0.0724101,-0.675378,0.725491,-0.110832,-0.669,0.702152,-0.17392,-0.170802,0.116745,-0.0428602,-0.680333,0.722275,-0.0777182,-0.425158,0.901233,0.0313014,-0.0421511,0.669902,0.736546,-0.0833895,-0.641898,0.677274,0.218709,0.285367,-0.345834,0.415273,0.607028,-0.582636,-0.271573,0.469958,0.772079,-0.330577,0.156912,-0.635612,0.742822,-0.139967,0.116677,-0.692522,-0.00706438,0.711864,0.0468512,0.722273,-0.0731466,-0.686132,0,0,0,0,-0.145846,0.673845,0.709557,-0.145572,0.028485,0.710942,0.0306335,0.702005,0.0645854,0.650474,0.0176999,0.75657,0,0,0,0,0.0203421,-0.00122547,0.999563,-0.0214207,0,0,0,0,0,0,0,0,0,0,0,0,0,0,0,0,
0.00885092,-0.000480505,0.999952,-0.00421747,0.0131158,-0.000498489,0.999905,-0.00421538,0.0175183,0.00264028,0.998933,-0.0426586,0,0,0,0,0.0813083,-0.688684,0.710607,-0.118917,-0.682964,0.685421,-0.201258,-0.152489,-0.0249338,0.117395,0.69635,-0.707596,-0.0314077,-0.687524,0.720776,-0.0824952,-0.0542345,0.670319,0.733731,-0.0968018,-0.635983,0.669702,0.282038,0.259769,0.226111,-0.174945,-0.648419,0.705564,-0.085529,0.597981,0.762511,-0.23169,0.164758,-0.634112,0.740897,-0.147744,0.105345,-0.705415,0.0135072,0.700792,0.0647093,0.788027,-0.0746132,-0.607667,0,0,0,0,-0.136263,0.676359,0.71106,-0.13552,0.0245784,0.700381,0.0272792,0.712824,0.068929,0.627158,0.0201839,0.775573,0,0,0,0,0.0174851,0.000905202,0.999625,-0.0210763,0,0,0,0,0,0,0,0,0,0,0,0,0,0,0,0,
-0.000919033,0.00206388,0.999958,-0.00889188,0.00856982,0.00197941,0.999922,-0.00891107,0.0182117,0.00397719,0.998802,-0.0452512,0,0,0,0,0.0852732,-0.692601,0.704727,-0.128032,-0.682147,0.685416,-0.199083,-0.158892,0.368837,-0.454575,0.598672,-0.54673,0.249925,-0.567726,0.743838,-0.248857,-0.0569217,0.671052,0.731669,-0.105407,-0.635223,0.665897,0.311883,0.236225,-0.354875,0.41299,0.578984,-0.606861,-0.269608,0.494574,0.766343,-0.308912,0.153757,-0.638635,0.739655,-0.146339,0.0930432,-0.700472,0.0205063,0.707292,0.0755328,0.748531,-0.0800786,-0.653899,0,0,0,0,-0.139972,0.671053,0.714052,-0.142216,0.0207905,0.707533,0.0260409,0.705894,0.0655325,0.677779,0.00810111,0.732294,0,0,0,0,0.0182211,0.00254714,0.999529,-0.02455,0,0,0,0,0,0,0,0,0,0,0,0,0,0,0,0,
0.00565312,0.00211177,0.999947,-0.00828013,0.0119286,0.00205976,0.999892,-0.00829322,0.0183011,0.00439832,0.998765,-0.0459897,0,0,0,0,0.0887755,-0.696429,0.699817,-0.131763,-0.667862,0.667226,-0.318448,-0.0857933,-0.509357,0.576031,-0.446647,0.457438,0.266646,-0.577318,0.706813,-0.309869,-0.0600008,0.671933,0.730027,-0.109389,-0.637499,0.665863,0.251532,0.294878,0.224768,-0.117105,-0.669751,0.697997,-0.0884463,0.654174,0.727097,-0.188581,0.158558,-0.639167,0.737387,-0.150284,-0.0770711,0.706992,-0.0366329,-0.702054,0.071902,0.813253,-0.05774,-0.574556,0,0,0,0,-0.137399,0.670048,0.716238,-0.13842,0.0172053,0.70297,0.0248593,0.710577,0.0648104,0.705515,0.00653786,0.705695,0,0,0,0,0.018317,0.00291513,0.99952,-0.024807,0,0,0,0,0,0,0,0,0,0,0,0,0,0,0,0,
-0.00527336,0.00353981,0.999947,-0.00814158,0.00664304,0.00344254,0.999939,-0.00818318,0.0186896,0.00587161,0.998718,-0.0466687,0,0,0,0,0.0832784,-0.688735,0.70887,-0.127328,-0.670808,0.665117,-0.314016,-0.0950292,-0.382236,0.370477,-0.545141,0.64766,0.248839,-0.581847,0.698446,-0.334225,-0.0563408,0.6855,0.718773,-0.10139,-0.628783,0.649709,0.389762,0.174917,-0.472207,0.574068,0.45721,-0.488288,-0.386712,0.473147,0.71031,-0.34935,0.150895,-0.64213,0.737546,-0.144656,0.0652687,-0.700429,0.0456226,0.709266,0.0487438,0.877435,-0.0741859,-0.471411,0,0,0,0,-0.144132,0.667943,0.715894,-0.143435,0.0126375,0.71082,0.0244788,0.702834,0.0687401,0.708329,0.0106639,0.702447,0,0,0,0,0.0187379,0.00439428,0.999497,-0.0252002,0,0,0,0,0,0,0,0,0,0,0,0,0,0,0,0,
0.00675073,0.00508201,0.999914,-0.00998534,0.00940081,0.00505553,0.999893,-0.00999878,0.011959,0.00753144,0.998733,-0.0482884,0,0,0,0,0.0693748,-0.684509,0.716513,-0.11508,-0.661368,0.66974,-0.330388,-0.0698863,-0.585075,0.671544,-0.338786,0.303216,0.17338,-0.415822,0.878605,-0.158382,-0.0524408,0.685806,0.719214,-0.0982445,-0.650486,0.642212,0.350003,0.204767,0.272049,-0.238159,-0.618211,0.697914,-0.105296,0.657195,0.698186,-0.263712,0.157717,-0.639857,0.736293,-0.153565,-0.0605986,0.70939,-0.0448279,-0.700774,0.0324491,0.721951,-0.0490895,-0.689437,0,0,0,0,-0.136955,0.669302,0.717027,-0.138384,0.00496001,0.7024,0.0214635,0.711442,0.0450372,0.698264,0.013112,0.714302,0,0,0,0,0.0120296,0.00602315,0.999548,-0.026872,0,0,0,0,0,0,0,0,0,0,0,0,0,0,0,0,
0.00124772,0.00297122,0.999967,-0.00742531,0.0104055,0.0029031,0.999914,-0.00745221,0.0196486,0.00474702,0.998755,-0.0456025,0,0,0,0,0.0833679,-0.68063,0.716612,-0.127514,-0.661033,0.673038,-0.327032,-0.0557242,-0.637807,0.71766,-0.225146,0.165758,0.0460566,-0.42552,0.899585,-0.0869351,-0.0560526,0.688423,0.716361,-0.0987873,-0.649548,0.654779,0.316671,0.221519,0.264756,-0.236828,-0.629781,0.690792,-0.113713,0.644731,0.718416,-0.235096,0.156748,-0.640968,0.736557,-0.148571,0.0632002,-0.705252,0.0377488,0.705124,0.0379655,0.788144,-0.0525409,-0.612068,0,0,0,0,-0.141361,0.66913,0.715932,-0.140442,0.00238892,0.706271,0.0198644,0.707659,0.0650597,0.792078,0.00951054,0.606868,0,0,0,0,0.0196892,0.00348203,0.999507,-0.0241912,0,0,0,0,0,0,0,0,0,0,0,0,0,0,0,0,
-0.00478363,0.00470527,0.999948,-0.00768655,0.00625502,0.00462014,0.99994,-0.00773802,0.0173465,0.00665338,0.998763,-0.0461145,0,0,0,0,0.079558,-0.681727,0.716654,-0.123796,-0.65533,0.665206,-0.357495,-0.0155067,-0.647985,0.73373,-0.172782,0.109094,0.0100823,-0.4466,0.892961,-0.0553861,-0.0553517,0.687765,0.717071,-0.0986194,-0.647262,0.652265,0.314761,0.237759,0.26917,-0.234573,-0.631958,0.687861,-0.109653,0.642958,0.711843,-0.2605,0.152119,-0.641365,0.737774,-0.145604,0.0642775,-0.700967,0.0306401,0.70963,0.05454,0.743594,-0.0549763,-0.664132,0,0,0,0,-0.144846,0.668672,0.715122,-0.14317,-0.000742048,0.710544,0.0196952,0.703377,0.0577017,0.67768,0.0135581,0.732964,0,0,0,0,0.0174202,0.0053303,0.999529,-0.0246865,0,0,0,0,0,0,0,0,0,0,0,0,0,0,0,0,
0.00250661,0.00292947,0.999974,-0.0060208,0.0127896,0.0028674,0.999896,-0.00605061,0.0231667,0.00467968,0.998738,-0.0443234,0,0,0,0,0.0855968,-0.68025,0.716673,-0.127722,-0.660113,0.660305,-0.35802,-0.00835672,-0.610484,0.701101,-0.264506,0.256522,0.0816999,-0.569681,0.80315,-0.154077,-0.0534116,0.689857,0.715855,-0.0937866,-0.63072,0.641376,0.404056,0.166032,0.300658,-0.313798,-0.567196,0.699589,-0.170805,0.568603,0.765327,-0.248576,0.158588,-0.642668,0.734574,-0.149093,0.0623599,-0.706235,0.0294408,0.704611,0.030205,0.84893,-0.0883271,-0.520196,0,0,0,0,-0.142308,0.666775,0.718279,-0.138689,-0.00401545,0.705353,0.0193765,0.70858,0.0560136,0.671881,0.0118921,0.738442,0,0,0,0,0.0232132,0.00344584,0.999462,-0.0228925,0,0,0,0,0,0,0,0,0,0,0,0,0,0,0,0,
0.0147131,0.00203133,0.999879,-0.00466104,0.019035,0.00201117,0.999806,-0.00466978,0.0233802,0.00416542,0.9988,-0.0428221,0,0,0,0,0.0855077,-0.675679,0.721243,-0.126308,-0.663754,0.662351,-0.347378,-0.007119,-0.332333,0.346048,-0.552781,0.681351,0.205429,-0.551473,0.750811,-0.299932,-0.0535431,0.691269,0.714792,-0.0913936,-0.636559,0.644386,0.388982,0.168083,0.329343,-0.376245,-0.567121,0.654482,-0.197457,0.598789,0.725931,-0.274749,0.168143,-0.640453,0.733121,-0.155186,-0.06237,0.71478,-0.0259669,-0.696079,0.0375133,0.731222,-0.0388838,-0.679996,0,0,0,0,-0.136048,0.669149,0.718548,-0.13198,-0.010079,0.696562,0.0176893,0.717208,0.0548701,0.662205,0.00969631,0.747248,0,0,0,0,0.0234099,0.00282192,0.999492,-0.0214581,0,0,0,0,0,0,0,0,0,0,0,0,0,0,0,0,
0.0147061,0.000811134,0.999885,-0.00360301,0.0189309,0.000795902,0.999814,-0.0036064,0.0232328,0.00313216,0.998851,-0.041809,0,0,0,0,0.0908797,-0.676273,0.719128,-0.131338,-0.662274,0.660554,-0.353641,-0.000102856,-0.334377,0.352294,-0.548553,0.680566,0.211842,-0.545536,0.757961,-0.288112,-0.059477,0.692879,0.712124,-0.0962315,0.641126,-0.644588,-0.166313,-0.381843,-0.45394,0.480056,0.578858,-0.477921,-0.354826,0.603642,0.558129,-0.445204,0.169136,-0.641789,0.73185,-0.154581,-0.0614112,0.714811,-0.0234013,-0.696222,0.0296761,0.725861,-0.0523446,-0.685204,0,0,0,0,-0.136504,0.668564,0.719098,-0.131478,-0.01217,0.696527,0.0175977,0.717211,0.051999,0.669333,0.00623046,0.741115,0,0,0,0,0.0232367,0.00171108,0.99952,-0.0204242,0,0,0,0,0,0,0,0,0,0,0,0,0,0,0,0,
0.00897397,0.000891626,0.999952,-0.00383629,0.0164022,0.000863102,0.999858,-0.0038428,0.0239788,0.0033711,0.99882,-0.0420968,0,0,0,0,0.0941731,-0.674595,0.719367,-0.136248,-0.660852,0.659932,-0.357397,0.00557993,-0.349651,0.380958,-0.539818,0.664238,0.231584,-0.551314,0.745112,-0.295348,-0.0619114,0.692388,0.7119,-0.0998213,-0.612915,0.692297,0.273103,0.265471,0.390872,-0.383598,-0.542982,0.636586,-0.3061,0.465348,0.812033,-0.174233,0.164588,-0.642497,0.73305,-0.150819,-0.0625476,0.710705,-0.0167858,-0.700503,0.0279481,0.725147,-0.0539155,-0.685911,0,0,0,0,-0.138818,0.668452,0.718291,-0.13401,-0.0133649,0.700607,0.0179479,0.713197,0.0455335,0.68666,0.0066255,0.725521,0,0,0,0,0.023985,0.00189512,0.999496,-0.0207121,0,0,0,0,0,0,0,0,0,0,0,0,0,0,0,0,
0.017259,-0.00197454,0.999845,-0.00275822,0.0258894,-0.00199827,0.999659,-0.00274107,0.0347448,-0.000739516,0.998561,-0.0408525,0,0,0,0,0.0975235,-0.676196,0.717515,-0.135723,-0.651273,0.657638,-0.377323,0.0313566,-0.571813,0.673465,-0.358651,0.301405,0.0711422,-0.622397,0.762781,-0.160393,-0.0493705,0.691756,0.715458,-0.0845858,0.641487,-0.663507,-0.231455,-0.307704,-0.443518,0.500879,0.550788,-0.499043,-0.380922,0.544065,0.672737,-0.326062,0.171784,-0.643326,0.729786,-0.155031,-0.0624763,0.716369,-0.0163974,-0.694725,0.0339995,0.800452,-0.0485851,-0.596456,0,0,0,0,-0.135034,0.666819,0.7213,-0.129787,-0.0163891,0.694608,0.0171477,0.718998,0.0212202,0.674562,0.00479128,0.737898,0,0,0,0,0.0347091,-0.00170137,0.999206,-0.019474,0,0,0,0,0,0,0,0,0,0,0,0,0,0,0,0,
0.0180232,-0.00261093,0.999833,-0.00174016,0.0262544,-0.00262517,0.99965,-0.0017186,0.0347483,-0.000765066,0.998601,-0.0398372,0,0,0,0,0.103076,-0.68096,0.711329,-0.140284,-0.65009,0.65439,-0.384673,0.0344145,-0.374399,0.437555,-0.507504,0.640945,0.280916,-0.532103,0.735317,-0.311867,-0.0549539,0.693093,0.713202,-0.0891406,0.639467,-0.661461,-0.211776,-0.3297,-0.439114,0.491332,0.561691,-0.500275,-0.381649,0.522651,0.697851,-0.306895,0.172334,-0.644318,0.728943,-0.154264,-0.0619807,0.716903,-0.0121382,-0.694306,0.0366079,0.799822,-0.0448871,-0.597436,0,0,0,0,-0.13435,0.66711,0.721443,-0.128192,-0.0195975,0.693983,0.0171074,0.719522,0.0331971,0.652692,0.00810161,0.756852,0,0,0,0,0.034699,-0.0019479,0.999225,-0.0184799,0,0,0,0,0,0,0,0,0,0,0,0,0,0,0,0,
0.0151854,-0.0027004,0.999879,-0.00191714,0.0210944,-0.00271168,0.999772,-0.00190114,0.0272289,-0.000234241,0.998823,-0.0401331,0,0,0,0,0.0920945,-0.68352,0.712739,-0.127757,-0.659459,0.653885,-0.369343,0.0336954,-0.544542,0.634668,-0.37209,0.402764,0.168805,-0.563512,0.763515,-0.266466,-0.0545386,0.694847,0.711714,-0.0876128,0.6392,-0.659867,-0.230475,-0.320749,-0.421655,0.48135,0.571091,-0.514164,-0.370459,0.509767,0.695481,-0.345258,0.170123,-0.646533,0.727736,-0.153144,-0.0614754,0.714948,-0.00713851,-0.696433,0.0440339,0.771906,-0.0401695,-0.632937,0,0,0,0,-0.135932,0.665454,0.722446,-0.129481,-0.0219544,0.695958,0.0180463,0.71752,0.01455,0.688676,0.0130939,0.724805,0,0,0,0,0.0271648,-0.00170418,0.999454,-0.0187353,0,0,0,0,0,0,0,0,0,0,0,0,0,0,0,0,
0.0179106,-0.00411368,0.99983,-0.0010856,0.0242127,-0.00412044,0.999698,-0.00105965,0.0307872,-0.00176385,0.998754,-0.0392468,0,0,0,0,0.0938513,-0.68896,0.707421,-0.126814,-0.666304,0.650993,-0.36297,0.0223697,-0.230328,0.210263,-0.5967,0.739383,0.105358,-0.544961,0.8039,-0.213686,-0.0506565,0.694024,0.713429,-0.0823641,0.640537,-0.660707,-0.227848,-0.31822,-0.421735,0.486401,0.570605,-0.509867,-0.380757,0.501209,0.693691,-0.350151,0.173319,-0.647295,0.725985,-0.154648,-0.0614896,0.71676,-0.00495578,-0.694586,0.0301899,0.767464,-0.0363435,-0.639349,0,0,0,0,-0.1352,0.664565,0.723646,-0.128108,-0.0257843,0.693889,0.0182033,0.71939,0.0424642,0.612688,0.00773443,0.789145,0,0,0,0,0.0306983,-0.00318414,0.999364,-0.0178513,0,0,0,0,0,0,0,0,0,0,0,0,0,0,0,0,
0.0190373,-0.00319677,0.999813,-0.000951063,0.0197101,-0.00319741,0.9998,-0.000948911,0.0205433,-0.00081266,0.999027,-0.0390236,0,0,0,0,0.0803331,-0.68412,0.716102,-0.112805,-0.652507,0.651388,-0.38441,0.0464509,-0.379799,0.440276,-0.505649,0.637361,0.294501,-0.525394,0.719204,-0.346375,-0.0521236,0.695323,0.712046,-0.0824596,0.641753,-0.658282,-0.193167,-0.342789,-0.433379,0.493556,0.572212,-0.491079,-0.384361,0.510255,0.701817,-0.315212,0.173685,-0.648164,0.724895,-0.155706,-0.0607559,0.717647,-0.00228903,-0.693748,0.028066,0.758114,-0.0374513,-0.65044,0,0,0,0,-0.134892,0.663995,0.724429,-0.126958,-0.0280596,0.692986,0.0188973,0.720157,0.0392202,0.610495,0.00954715,0.790991,0,0,0,0,0.0204571,-0.00234087,0.999632,-0.0176777,0,0,0,0,0,0,0,0,0,0,0,0,0,0,0,0,
0.0192193,-0.00448458,0.999805,3.8431e-005,0.0219552,-0.00448446,0.999749,5.07032e-005,0.0249268,-0.00192264,0.998964,-0.0380198,0,0,0,0,0.0869098,-0.681909,0.716462,-0.118865,-0.658914,0.646494,-0.383431,0.029313,0.22736,-0.306331,0.62936,-0.677034,0.053841,-0.684042,0.696407,-0.210249,-0.057847,0.70481,0.70287,-0.0766113,0.646507,-0.657087,-0.217258,-0.321038,-0.438085,0.505338,0.564502,-0.483789,-0.420656,0.490506,0.676653,-0.352977,0.174187,-0.648481,0.724794,-0.15429,-0.0597734,0.71777,0.00146448,-0.693709,0.0171473,0.875402,-0.0426246,-0.481207,0,0,0,0,-0.13442,0.664497,0.72422,-0.126018,-0.0312956,0.692744,0.0186183,0.720264,0.0398455,0.607109,0.0069449,0.793589,0,0,0,0,0.0248197,-0.00350557,0.999547,-0.0166596,0,0,0,0,0,0,0,0,0,0,0,0,0,0,0,0,
0.0199504,-0.00444675,0.999791,0.000564625,0.0207541,-0.00444629,0.999775,0.0005682,0.0217704,-0.00148966,0.999054,-0.0376025,0,0,0,0,0.0841197,-0.677045,0.721799,-0.116363,-0.675847,0.672145,-0.301083,-0.0283021,0.192327,-0.258589,0.658069,-0.680505,0.0399456,-0.69163,0.705049,-0.151517,-0.0610878,0.713854,0.693403,-0.0766375,0.647224,-0.65243,-0.207482,-0.335242,-0.430247,0.493381,0.577441,-0.487878,-0.410958,0.481515,0.686809,-0.357142,0.174986,-0.647773,0.725268,-0.154133,-0.0593611,0.718302,0.00408132,-0.693183,0.0438411,0.774476,-0.0399093,-0.629819,0,0,0,0,-0.134011,0.665498,0.723513,-0.125227,-0.0354043,0.69204,0.0181124,0.720763,0.0388748,0.60447,0.00824205,0.795636,0,0,0,0,0.0216605,-0.00322818,0.999629,-0.0162106,0,0,0,0,0,0,0,0,0,0,0,0,0,0,0,0,
0.0215053,-0.00367857,0.999762,0.000277794,0.0217454,-0.0036785,0.999757,0.000278677,0.0221587,-0.000804588,0.999037,-0.037863,0,0,0,0,0.0817547,-0.676184,0.723252,-0.114011,-0.671432,0.667262,-0.322201,-0.0112952,0.186627,-0.25186,0.654175,-0.688326,0.0356425,-0.672734,0.721798,-0.15864,-0.0581938,0.718386,0.6893,-0.0734804,0.645463,-0.655791,-0.217675,-0.325475,0.275698,-0.208426,-0.672775,0.654158,-0.154926,0.663466,0.714347,-0.159747,0.175361,-0.648329,0.724379,-0.155542,-0.0589832,0.719455,0.0045117,-0.692015,0.0399412,0.725675,-0.0374134,-0.685858,0,0,0,0,-0.133189,0.664878,0.724413,-0.124195,-0.0397678,0.690692,0.016623,0.721863,0.0399099,0.606323,0.0121672,0.794123,0,0,0,0,0.022066,-0.00249649,0.999617,-0.0164882,0,0,0,0,0,0,0,0,0,0,0,0,0,0,0,0,
0.0206086,-0.00385228,0.99978,0.000933772,0.0210464,-0.00385187,0.999771,0.000935459,0.0216655,-0.000998035,0.999083,-0.0369146,0,0,0,0,0.0830934,-0.69536,0.705196,-0.110764,-0.68077,0.664339,-0.307892,-0.0202137,-0.199066,0.161189,-0.634872,0.728923,0.083278,-0.58825,0.787185,-0.165427,-0.059392,0.724629,0.682793,-0.071967,0.648435,-0.654006,-0.2206,-0.32116,0.24417,-0.179824,-0.685083,0.662348,-0.121692,0.658678,0.722737,-0.170249,0.173922,-0.651181,0.722429,-0.154311,-0.0588818,0.71883,0.00535299,-0.692667,0.0313511,0.781036,-0.0346791,-0.622733,0,0,0,0,-0.133681,0.663536,0.725676,-0.123462,-0.0405341,0.691305,0.0158991,0.72125,0.0409507,0.610724,0.0125674,0.790684,0,0,0,0,0.0215688,-0.00270071,0.999641,-0.0156581,0,0,0,0,0,0,0,0,0,0,0,0,0,0,0,0,
0.02232,-0.00446557,0.999739,0.001866,0.0220494,-0.00446608,0.999745,0.00186479,0.0219652,-0.00189112,0.999133,-0.0353258,0,0,0,0,0.0869232,-0.694843,0.704841,-0.113297,-0.667732,0.666226,-0.33207,0.00242177,-0.601051,0.676783,-0.316866,0.28337,0.100176,-0.586076,0.78986,-0.150332,-0.063574,0.725594,0.68125,-0.073275,0.648015,-0.653759,-0.215197,-0.326139,0.263908,-0.199016,-0.680018,0.654462,-0.139113,0.659997,0.717403,-0.174309,0.175711,-0.651137,0.721997,-0.154484,-0.0587474,0.719994,0.0052128,-0.691469,0.0472346,0.738499,-0.0438473,-0.671167,0,0,0,0,-0.133084,0.663803,0.725782,-0.122048,-0.0413042,0.690042,0.0152899,0.722428,0.0480164,0.605031,0.0181222,0.794546,0,0,0,0,0.0218571,-0.0035156,0.999653,-0.0143052,0,0,0,0,0,0,0,0,0,0,0,0,0,0,0,0,
0.0220282,-0.0044453,0.999745,0.00206022,0.0217247,-0.00444593,0.999752,0.00205887,0.0216074,-0.00181371,0.999144,-0.0352374,0,0,0,0,0.0869352,-0.695431,0.704303,-0.113027,-0.658874,0.6553,-0.368355,0.0279467,-0.574882,0.666284,-0.344372,0.327085,0.0985428,-0.585027,0.780565,-0.196852,-0.0640062,0.725016,0.681786,-0.0736477,0.647091,-0.652562,-0.22372,-0.324632,0.295304,-0.2269,-0.665192,0.647172,-0.163703,0.663414,0.70583,-0.186779,0.175759,-0.651364,0.721803,-0.15438,-0.0597698,0.719703,0.00539576,-0.691684,0.0426493,0.769342,-0.0402561,-0.636139,0,0,0,0,-0.133512,0.663569,0.725903,-0.122127,-0.0410676,0.690269,0.0144714,0.722242,0.0458338,0.61143,0.0178947,0.789767,0,0,0,0,0.0214993,-0.00346025,0.999663,-0.014167,0,0,0,0,0,0,0,0,0,0,0,0,0,0,0,0,
0.0186352,-0.00372535,0.999815,0.00295993,0.0197319,-0.0037221,0.999794,0.00296402,0.0210123,-0.000373606,0.999207,-0.0338276,0,0,0,0,0.0895757,-0.695599,0.703602,-0.114294,-0.656635,0.651557,-0.377973,0.0379579,-0.57535,0.66935,-0.342536,0.321889,0.107953,-0.594964,0.774398,-0.186204,-0.0676362,0.722206,0.684181,-0.0757717,0.644638,-0.651167,-0.231148,-0.327101,0.310262,-0.238074,-0.657257,0.644261,-0.170123,0.654281,0.704754,-0.215165,0.173677,-0.651892,0.722382,-0.151782,-0.0616505,0.717226,0.00607266,-0.694081,0.0231078,0.729597,-0.0385328,-0.6824,0,0,0,0,-0.135599,0.663469,0.725533,-0.122572,-0.0409322,0.692703,0.0145244,0.719914,0.045521,0.617302,0.0174008,0.785215,0,0,0,0,0.020921,-0.00228692,0.999695,-0.0128942,0,0,0,0,0,0,0,0,0,0,0,0,0,0,0,0,
0.0182289,-0.00354895,0.999822,0.00331945,0.019188,-0.00354577,0.999804,0.00332286,0.020322,-0.000266437,0.999225,-0.0337151,0,0,0,0,0.0903789,-0.696401,0.702615,-0.114847,-0.658903,0.655011,-0.36836,0.0334343,0.236118,-0.323917,0.63056,-0.664621,0.0852152,-0.593456,0.774745,-0.200796,-0.0695033,0.72148,0.684593,-0.0772537,0.644768,-0.65022,-0.239388,-0.32277,0.314172,-0.240937,-0.652937,0.645692,-0.164435,0.643517,0.704354,-0.250464,0.173724,-0.651734,0.722594,-0.151399,-0.0633012,0.716806,0.00574989,-0.694369,0.0253032,0.729701,-0.0377698,-0.682254,0,0,0,0,-0.136284,0.663571,0.725287,-0.122713,-0.0402656,0.69303,0.0137186,0.719653,0.042392,0.620124,0.0175345,0.783161,0,0,0,0,0.0202346,-0.00213812,0.999713,-0.0126822,0,0,0,0,0,0,0,0,0,0,0,0,0,0,0,0,
0.015769,-0.00550698,0.999852,0.00412331,0.0167899,-0.00550276,0.999835,0.00412893,0.0180658,-0.00151439,0.999277,-0.0334101,0,0,0,0,0.0894752,-0.697184,0.702222,-0.113192,-0.651574,0.649811,-0.387623,0.0542705,-0.338973,0.389196,-0.530888,0.672147,0.240333,-0.509494,0.760944,-0.3219,-0.0717711,0.72063,0.685058,-0.0789725,0.644905,-0.650109,-0.242704,-0.320235,0.333529,-0.259426,-0.641944,0.639816,-0.186598,0.645932,0.699381,-0.242529,0.172347,-0.651656,0.723729,-0.147839,-0.0670345,0.714619,0.00397817,-0.696283,0.0270934,0.729164,-0.0378424,-0.682754,0,0,0,0,-0.13659,0.664837,0.723959,-0.123364,-0.0362314,0.695058,0.0112272,0.717952,0.0439016,0.631676,0.0194255,0.773745,0,0,0,0,0.0179379,-0.0036213,0.999757,-0.0122512,0,0,0,0,0,0,0,0,0,0,0,0,0,0,0,0,
0.0156569,-0.00394902,0.999852,0.00593483,0.0142123,-0.00395759,0.999874,0.00592911,0.0129204,0.000580782,0.999435,-0.031022,0,0,0,0,0.0901125,-0.698349,0.701323,-0.111058,-0.656658,0.653762,-0.373848,0.0404063,-0.363919,0.410349,-0.522208,0.653051,0.264052,-0.526333,0.751529,-0.297413,-0.0799803,0.718042,0.686262,-0.0840464,0.64476,-0.650166,-0.244681,-0.318906,0.332592,-0.256837,-0.641596,0.641695,-0.183967,0.641959,0.700475,-0.251752,0.173069,-0.653101,0.722292,-0.147646,-0.0716272,0.714189,0.00249365,-0.696274,0.0280706,0.728287,-0.0367529,-0.68371,0,0,0,0,-0.138957,0.663564,0.724893,-0.122081,-0.0333191,0.695235,0.00988689,0.717942,0.0326487,0.688125,0.0275741,0.724332,0,0,0,0,0.012827,-0.00170203,0.999865,-0.010082,0,0,0,0,0,0,0,0,0,0,0,0,0,0,0,0,
0.0123004,-0.00398387,0.999894,0.00668909,0.0113616,-0.00399014,0.999905,0.00668535,0.0105869,0.000235147,0.999476,-0.0305807,0,0,0,0,-0.0948956,0.700903,-0.699613,0.10135,-0.656208,0.659211,-0.365779,0.0322313,-0.359601,0.409683,-0.529567,0.649928,0.263588,-0.520259,0.757858,-0.292408,-0.0811053,0.717347,0.686773,-0.0847208,0.645379,-0.650645,-0.246511,-0.315245,0.325118,-0.248631,-0.644047,0.646285,-0.174112,0.636112,0.705046,-0.260685,0.171497,-0.651876,0.724383,-0.144622,-0.081796,0.710654,0.0104785,-0.698693,0.0415107,0.799594,-0.0550221,-0.596573,0,0,0,0,-0.140918,0.665353,0.722609,-0.123628,-0.0304821,0.697756,0.0103961,0.715611,0.031956,0.72566,0.0213759,0.686978,0,0,0,0,0.0104893,-0.00196317,0.999898,-0.00953347,0,0,0,0,0,0,0,0,0,0,0,0,0,0,0,0,
0.010989,-0.00236555,0.999913,0.00697634,0.00954137,-0.00237564,0.999927,0.0069729,0.008194,0.00277377,0.999502,-0.0303529,0,0,0,0,-0.0929614,0.703018,-0.698101,0.0988921,-0.664374,0.659637,-0.351013,0.0166084,0.355179,-0.435489,0.572726,-0.59681,0.242886,-0.555811,0.732699,-0.308598,-0.0824414,0.716958,0.686881,-0.0858506,0.645717,-0.649956,-0.254025,-0.309964,0.331258,-0.255287,-0.638054,0.646517,-0.179147,0.637994,0.700664,-0.264463,0.171279,-0.650424,0.725782,-0.144408,-0.0834416,0.709683,0.00960807,-0.699496,0.0360193,0.793999,-0.0423877,-0.605369,0,0,0,0,-0.142666,0.666002,0.721542,-0.124358,-0.0297306,0.698697,0.0111017,0.714714,0.0338983,0.699521,0.0203963,0.713516,0,0,0,0,0.00813134,0.000257866,0.999924,-0.00925816,0,0,0,0,0,0,0,0,0,0,0,0,0,0,0,0,
0.00960184,-0.00267335,0.99992,0.00782426,0.00796316,-0.00268617,0.999934,0.00781986,0.00643172,0.00214256,0.999533,-0.0297837,0,0,0,0,-0.0934714,0.703211,-0.697929,0.0982449,-0.656112,0.660805,-0.363351,0.0288126,-0.371813,0.433789,-0.528223,0.628142,0.287084,-0.517678,0.741068,-0.316877,-0.0855184,0.716644,0.6866,-0.0876886,0.644539,-0.648934,-0.259011,-0.310432,0.347026,-0.270876,-0.628451,0.641286,-0.19781,0.641458,0.696752,-0.252865,0.171126,-0.650707,0.725825,-0.143088,-0.0844894,0.708571,0.00660959,-0.700532,0.0375234,0.760316,-0.0414686,-0.647142,0,0,0,0,-0.144242,0.665833,0.721289,-0.124906,-0.0276782,0.699768,0.0115058,0.713741,0.0338785,0.738319,0.0169643,0.673387,0,0,0,0,0.0063599,-0.000291068,0.999943,-0.00858679,0,0,0,0,0,0,0,0,0,0,0,0,0,0,0,0,
0.0076883,-0.00270062,0.999932,0.00833498,0.00666572,-0.00270915,0.999939,0.00833221,0.00576024,0.00190325,0.99955,-0.0293924,0,0,0,0,-0.0937139,0.703361,-0.697807,0.0978017,-0.667933,0.663763,-0.336562,0.00325003,0.214694,-0.304975,0.649812,-0.6623,0.0535174,-0.636874,0.747254,-0.18204,-0.086654,0.715843,0.687214,-0.0883005,0.644137,-0.650007,-0.256001,-0.311516,0.355069,-0.278725,-0.624335,0.63753,-0.209094,0.641615,0.696881,-0.242831,0.170427,-0.651745,0.725249,-0.142116,-0.0842967,0.707257,0.00501285,-0.701895,0.0470889,0.853174,-0.0473998,-0.517329,0,0,0,0,-0.146066,0.664722,0.721814,-0.125674,-0.0265962,0.701169,0.0125246,0.712389,0.0255038,0.751313,0.014389,0.659295,0,0,0,0,0.00568741,-0.000456706,0.999951,-0.00814951,0,0,0,0,0,0,0,0,0,0,0,0,0,0,0,0,
0.0070922,-0.00321293,0.99993,0.00895699,0.00614409,-0.00322142,0.999936,0.00895394,0.00533312,0.00155658,0.999564,-0.0289936,0,0,0,0,-0.0941844,0.703343,-0.697793,0.0975878,-0.680937,0.664538,-0.306832,-0.0238399,0.38056,-0.441064,0.575628,-0.573837,0.239028,-0.627522,0.654552,-0.347338,-0.0877885,0.715945,0.686917,-0.0886635,0.640109,-0.651046,-0.243869,-0.326997,0.361795,-0.280735,-0.625941,0.63126,-0.215472,0.628231,0.699836,-0.262919,0.170634,-0.652727,0.72442,-0.141587,0.0829809,-0.706965,-0.00351638,0.702355,0.0284763,0.724036,-0.0531338,-0.687123,0,0,0,0,-0.147035,0.663821,0.722429,-0.125775,-0.0255145,0.701633,0.0125428,0.711971,0.04002,0.752535,0.0143748,0.657178,0,0,0,0,0.00525003,-0.000874475,0.999956,-0.0077128,0,0,0,0,0,0,0,0,0,0,0,0,0,0,0,0,
0.0066254,-0.00295859,0.999933,0.00906753,0.0060647,-0.00296367,0.999936,0.00906587,0.00563964,0.00197478,0.99956,-0.0290513,0,0,0,0,-0.0937028,0.7051,-0.696179,0.0968943,-0.672112,0.663841,-0.327962,-0.00452615,0.368002,-0.450892,0.579745,-0.570234,0.24173,-0.58946,0.715687,-0.286174,-0.0868238,0.717329,0.685734,-0.087582,0.639514,-0.651169,-0.240793,-0.330181,0.350536,-0.268033,-0.633756,0.635324,-0.20699,0.63077,0.706178,-0.246166,0.170128,-0.652935,0.724433,-0.14117,0.0818462,-0.706799,-0.00213915,0.702661,0.0240063,0.724464,-0.0494976,-0.687114,0,0,0,0,-0.147368,0.663669,0.722501,-0.12577,-0.0239533,0.702011,0.0135283,0.711635,0.0318351,0.770342,0.00789406,0.636787,0,0,0,0,0.00556186,-0.000528038,0.999955,-0.00772888,0,0,0,0,0,0,0,0,0,0,0,0,0,0,0,0,
0.00292092,-0.00266513,0.999947,0.0094655,0.00378382,-0.00265696,0.999945,0.00946779,0.00479471,0.00234493,0.999575,-0.0286663,0,0,0,0,-0.0933546,0.705407,-0.696034,0.0960353,-0.680522,0.663884,-0.309355,-0.0211565,-0.226763,0.151539,-0.614523,0.740254,0.108038,-0.556724,0.805631,-0.171304,-0.0879501,0.719623,0.683181,-0.0875899,0.645678,-0.640831,-0.297264,-0.289948,0.374642,-0.302529,-0.599914,0.638923,-0.222701,0.621845,0.689996,-0.296004,0.168581,-0.653183,0.724914,-0.139397,0.0811533,-0.704297,-0.000986252,0.705251,0.0229199,0.724351,-0.0484826,-0.687343,0,0,0,0,-0.150344,0.663646,0.72151,-0.128041,-0.0221249,0.704693,0.0149872,0.709009,0.0324318,0.728721,0.00965559,0.683974,0,0,0,0,0.00472374,-0.000181187,0.999962,-0.0073799,0,0,0,0,0,0,0,0,0,0,0,0,0,0,0,0,
0.00099541,-0.00221578,0.999948,0.00991977,0.00240198,-0.00220182,0.999945,0.00992287,0.00394797,0.00278081,0.999589,-0.0282718,0,0,0,0,-0.0923425,0.705451,-0.696312,0.0946636,-0.673782,0.663344,-0.325403,-0.0102603,0.274885,-0.335424,0.622709,-0.651278,0.143333,-0.565825,0.784156,-0.210706,-0.0883751,0.721422,0.681284,-0.0871368,-0.647061,0.637687,0.311411,0.278729,0.372594,-0.304571,-0.595654,0.643123,-0.220159,0.627828,0.689302,-0.286747,0.167555,-0.65387,0.724741,-0.138312,0.0808399,-0.70301,-0.000326264,0.706571,0.0384448,0.732145,-0.0527126,-0.678017,0,0,0,0,-0.152103,0.663035,0.72158,-0.128732,-0.0209543,0.706088,0.0156961,0.70764,0.0382967,0.707763,0.0112266,0.705321,0,0,0,0,0.00388627,0.000253114,0.999968,-0.00698599,0,0,0,0,0,0,0,0,0,0,0,0,0,0,0,0,
0.00305646,-0.00123776,0.999947,0.009804,0.0032008,-0.00123635,0.999946,0.00980418,0.00343096,0.00435956,0.999575,-0.0286102,0,0,0,0,-0.0898358,0.706703,-0.695626,0.0927611,-0.672739,0.662576,-0.329183,-0.0072583,-0.370657,0.374635,-0.538815,0.657221,0.257536,-0.53875,0.744692,-0.29809,-0.0867127,0.723728,0.679218,-0.0857984,-0.647463,0.635899,0.317917,0.274505,0.394177,-0.330277,-0.579291,0.632427,-0.24507,0.627449,0.680281,-0.288904,0.168847,-0.652726,0.725174,-0.139864,0.0796495,-0.704678,0.000989344,0.705041,0.0500021,0.807166,-0.0505758,-0.586025,0,0,0,0,-0.151161,0.663845,0.721214,-0.127714,-0.0207068,0.704635,0.0161662,0.709083,0.0449268,0.693981,0.0134889,0.718463,0,0,0,0,0.00338859,0.00157712,0.999967,-0.00729122,0,0,0,0,0,0,0,0,0,0,0,0,0,0,0,0,
0.00491007,-0.00108886,0.999937,0.0100399,0.00445851,-0.00109339,0.999939,0.0100394,0.00407558,0.00418398,0.999581,-0.0283546,0,0,0,0,-0.0892629,0.708541,-0.693976,0.0916417,-0.643425,0.607822,-0.451549,0.112522,-0.506735,0.618412,-0.404943,0.443628,0.168961,-0.59334,0.724521,-0.307359,-0.0850222,0.72398,0.679388,-0.0840081,-0.646888,0.636944,0.315454,0.276273,0.397684,-0.333433,-0.577403,0.630298,-0.248111,0.628817,0.676524,-0.29214,0.170403,-0.651774,0.725483,-0.140814,0.0788211,-0.706093,0.00217754,0.703715,0.0376218,0.818842,-0.0430674,-0.571164,0,0,0,0,-0.150314,0.664728,0.72074,-0.126793,-0.0207266,0.703318,0.0164711,0.710382,0.0448515,0.693063,0.0130292,0.719362,0,0,0,0,0.00403609,0.00150981,0.999966,-0.0070031,0,0,0,0,0,0,0,0,0,0,0,0,0,0,0,0,
0.00585649,-0.00113405,0.999929,0.0103428,0.00536401,-0.00113915,0.999932,0.0103422,0.00493612,0.00356197,0.999585,-0.0281397,0,0,0,0,-0.0901063,0.708903,-0.693433,0.0921273,-0.639553,0.61395,-0.449236,0.110562,-0.464402,0.579022,-0.451581,0.495116,0.242853,-0.533061,0.728637,-0.354903,-0.0846784,0.724958,0.678485,-0.0832032,-0.644096,0.626773,0.343367,0.272755,0.388421,-0.323154,-0.57622,0.642395,-0.234772,0.609697,0.677372,-0.338111,0.171114,-0.651947,0.725092,-0.141158,0.0783248,-0.706814,0.00280274,0.703044,0.0239476,0.72464,-0.0500231,-0.686893,0,0,0,0,-0.149938,0.664657,0.721019,-0.126017,-0.0206532,0.702646,0.0168742,0.711039,0.0434016,0.715199,0.0087539,0.697517,0,0,0,0,0.0048986,0.00117239,0.999964,-0.00685239,0,0,0,0,0,0,0,0,0,0,0,0,0,0,0,0,
0.013876,-0.0017147,0.999841,0.0110756,0.0108002,-0.00174876,0.999879,0.0110703,0.00776049,0.00284465,0.999575,-0.0279386,0,0,0,0,-0.0930645,0.710647,-0.691012,0.0939262,-0.626675,0.594357,-0.487844,0.126591,-0.563703,0.697601,-0.32171,0.303471,0.09256,-0.574701,0.793244,-0.178648,-0.0831917,0.72354,0.680388,-0.0814993,-0.642604,0.621239,0.359083,0.268666,0.416213,-0.35689,-0.550905,0.629206,-0.268411,0.617221,0.662664,-0.328435,0.178903,-0.649853,0.723981,-0.14675,-0.0766545,0.7126,-0.00661241,-0.697339,0.021183,0.817048,-0.0432997,-0.574551,0,0,0,0,-0.14749,0.665243,0.721479,-0.123157,-0.0204236,0.696922,0.0167286,0.716661,0.0409462,0.714167,0.00593318,0.698751,0,0,0,0,0.00772036,0.000649587,0.999949,-0.00646302,0,0,0,0,0,0,0,0,0,0,0,0,0,0,0,0,
0.017779,-0.001999,0.99978,0.0109872,0.0138707,-0.00204193,0.999841,0.0109793,0.0099961,0.00208351,0.999557,-0.0279494,0,0,0,0,-0.093333,0.711906,-0.689641,0.0942023,-0.655483,0.627526,-0.41769,0.0456966,-0.561973,0.658806,-0.356527,0.350785,0.156419,-0.561508,0.786151,-0.205444,-0.0796866,0.720101,0.684698,-0.0793282,-0.641586,0.620032,0.360199,0.272368,0.41613,-0.369729,-0.553105,0.619848,-0.267615,0.631387,0.655451,-0.316412,0.1818,-0.648565,0.723945,-0.149051,-0.0756901,0.715416,-0.00787307,-0.694542,0.0177083,0.726814,-0.0439375,-0.685199,0,0,0,0,-0.145332,0.665966,0.721523,-0.121537,-0.0204896,0.694115,0.0165061,0.719383,0.0400158,0.695297,0.00773711,0.717566,0,0,0,0,0.00995058,7.12996e-005,0.999929,-0.00649126,0,0,0,0,0,0,0,0,0,0,0,0,0,0,0,0,
0.0232749,-0.0026329,0.999662,0.0113032,0.017838,-0.00269433,0.999774,0.0112887,0.012429,0.000582587,0.999536,-0.0278101,0,0,0,0,-0.0950925,0.714334,-0.686747,0.0951962,-0.692028,0.673277,-0.239306,-0.102604,0.31533,-0.36566,0.630459,-0.607768,0.183841,-0.581146,0.768602,-0.194221,-0.0774467,0.71812,0.687238,-0.0775206,-0.641457,0.618974,0.36557,0.267886,0.407314,-0.367846,-0.557204,0.623144,-0.257236,0.629839,0.656434,-0.325924,0.186084,-0.64792,0.722768,-0.152247,-0.0746156,0.719325,-0.0100745,-0.690581,0.0353574,0.730958,-0.0420786,-0.680206,0,0,0,0,-0.142552,0.666402,0.722123,-0.118855,-0.0191811,0.690182,0.0154677,0.723217,0.0389366,0.688117,0.0110063,0.724471,0,0,0,0,0.012375,-0.000997674,0.999903,-0.00633257,0,0,0,0,0,0,0,0,0,0,0,0,0,0,0,0,
0.02382,-0.00397248,0.999655,0.010363,0.0193036,-0.00401925,0.999752,0.0103449,0.014889,-0.00223675,0.999462,-0.0291428,0,0,0,0,-0.0926516,0.715996,-0.685404,0.0947924,-0.690353,0.670108,-0.25573,-0.0947112,0.297272,-0.345939,0.636412,-0.622041,0.166123,-0.574584,0.775457,-0.202295,-0.0711504,0.716395,0.690087,-0.074131,-0.640033,0.620039,0.367894,0.265638,0.415384,-0.381756,-0.548491,0.617151,-0.2709,0.628251,0.658251,-0.314037,0.185997,-0.647607,0.723028,-0.152449,-0.0743079,0.719664,-0.0105662,-0.690254,0.0286086,0.79971,-0.0658994,-0.596072,0,0,0,0,-0.140947,0.666499,0.722284,-0.119245,-0.0185759,0.689797,0.0158415,0.723591,0.037201,0.660185,0.0122572,0.750081,0,0,0,0,0.0147991,-0.00334056,0.999856,-0.00756885,0,0,0,0,0,0,0,0,0,0,0,0,0,0,0,0,
0.0234273,-0.00264141,0.999665,0.01066,0.019527,-0.00268298,0.999749,0.0106496,0.0156826,-0.00122788,0.999468,-0.0285603,0,0,0,0,-0.0923623,0.715893,-0.685659,0.0940097,-0.683337,0.666681,-0.289102,-0.0707687,-0.324613,0.258736,-0.584812,0.696905,0.197918,-0.549072,0.782775,-0.215896,-0.0696079,0.715514,0.691351,-0.0723093,-0.640124,0.620651,0.368,0.263837,0.426784,-0.399438,-0.539264,0.606217,-0.29039,0.617995,0.654532,-0.324568,0.185082,-0.646997,0.723965,-0.151703,-0.0721721,0.719688,-0.0100183,-0.690464,0.0228229,0.767266,-0.0428287,-0.639491,0,0,0,0,-0.140965,0.667385,0.721593,-0.118448,-0.0186445,0.69008,0.0177597,0.723275,0.0378682,0.628204,0.0142874,0.776995,0,0,0,0,0.0156232,-0.00217019,0.999851,-0.00699237,0,0,0,0,0,0,0,0,0,0,0,0,0,0,0,0,
0.0211795,-0.00247778,0.999713,0.010957,0.0188435,-0.00250337,0.999759,0.0109512,0.0165765,-0.000908342,0.999464,-0.0282064,0,0,0,0,-0.0942316,0.715039,-0.686117,0.0953,-0.67259,0.643479,-0.36463,-0.0245295,0.313165,-0.370821,0.601247,-0.634761,0.183711,-0.566672,0.755795,-0.271859,-0.0700957,0.714412,0.692427,-0.0724281,-0.639544,0.623285,0.357421,0.273404,0.42644,-0.394779,-0.544853,0.60451,-0.289722,0.620397,0.658537,-0.312248,0.183687,-0.646733,0.724925,-0.14993,-0.0716538,0.71819,-0.00950102,-0.692083,0.0230628,0.730419,-0.0330767,-0.681808,0,0,0,0,-0.142167,0.668093,0.720545,-0.119395,-0.0180183,0.691718,0.0188586,0.721696,0.0438961,0.625775,0.0191416,0.778532,0,0,0,0,0.0165225,-0.00190153,0.99984,-0.00663043,0,0,0,0,0,0,0,0,0,0,0,0,0,0,0,0,
0.0243438,-0.00196069,0.999644,0.0107233,0.0206215,-0.0020006,0.999728,0.0107159,0.0169301,-0.000105752,0.999462,-0.028085,0,0,0,0,-0.093735,0.714407,-0.686875,0.0950752,-0.676167,0.640208,-0.363539,-0.0277756,-0.3631,0.403167,-0.56866,0.618257,0.237776,-0.590906,0.703287,-0.31572,-0.0690028,0.713237,0.693814,-0.0717892,-0.642109,0.574113,0.484921,0.151467,0.384381,-0.422223,-0.515954,0.638569,-0.24292,0.611321,0.636606,-0.402503,0.184377,-0.647173,0.724052,-0.151394,-0.0689614,0.720681,-0.00943539,-0.689764,0.0642059,0.725452,-0.0598339,-0.682654,0,0,0,0,-0.139665,0.668274,0.72126,-0.116998,-0.0191241,0.689406,0.0192418,0.723867,0.0355111,0.657258,0.0187837,0.752595,0,0,0,0,0.0168874,-0.00122535,0.999835,-0.00661903,0,0,0,0,0,0,0,0,0,0,0,0,0,0,0,0,
0.0246361,-0.00253634,0.999645,0.00980135,0.0214002,-0.00256806,0.99972,0.00979309,0.0182301,-0.000535131,0.999413,-0.0290009,0,0,0,0,-0.0906576,0.715287,-0.686548,0.0937988,-0.673993,0.639879,-0.368507,-0.0221604,-0.288295,0.267038,-0.583107,0.711029,0.165466,-0.54329,0.793011,-0.220431,-0.0639652,0.712447,0.695402,-0.068871,0.634886,-0.641313,-0.275346,-0.331394,0.43287,-0.378603,-0.572924,0.583987,-0.304958,0.603038,0.672364,-0.302112,0.183909,-0.647677,0.723596,-0.151992,-0.0694271,0.720806,-0.00959536,-0.689584,0.0333282,0.769923,-0.051862,-0.635152,0,0,0,0,-0.138676,0.667552,0.722069,-0.117301,-0.0201209,0.689167,0.018471,0.724087,0.0396606,0.635398,0.0217279,0.77086,0,0,0,0,0.0181728,-0.00177142,0.999805,-0.00754581,0,0,0,0,0,0,0,0,0,0,0,0,0,0,0,0,
0.025504,-0.0029642,0.999628,0.00921189,0.0225449,-0.00299146,0.999699,0.00920308,0.0196755,-0.00137174,0.999346,-0.0303186,0,0,0,0,-0.0891964,0.713626,-0.688388,0.094367,-0.679189,0.636461,-0.364651,-0.0254927,-0.364152,0.361409,-0.55094,0.658211,0.234204,-0.568782,0.717736,-0.326329,-0.0604279,0.711117,0.697219,-0.067428,0.635157,-0.640426,-0.275785,-0.332224,0.405037,-0.344294,-0.593935,0.603861,-0.271104,0.589462,0.687609,-0.325932,0.184063,-0.647901,0.723196,-0.152749,-0.0704813,0.721277,-0.00989481,-0.68898,0.0293717,0.802475,-0.0544423,-0.59347,0,0,0,0,-0.137666,0.667233,0.722573,-0.117201,-0.0209699,0.688518,0.0171356,0.724713,0.0422131,0.62241,0.0250015,0.781152,0,0,0,0,0.0196059,-0.00249518,0.999768,-0.00858951,0,0,0,0,0,0,0,0,0,0,0,0,0,0,0,0,
0.0248727,-0.00328639,0.999648,0.00867725,0.0232047,-0.00330087,0.999688,0.00867175,0.0216532,-0.00156551,0.999298,-0.0305458,0,0,0,0,-0.0898828,0.718258,-0.683401,0.094818,-0.699651,0.627724,-0.33752,-0.0503222,-0.180631,0.0589124,-0.644933,0.740246,0.041117,-0.667612,0.722016,-0.176911,-0.0579299,0.711022,0.697703,-0.0655932,0.641637,-0.634677,-0.310302,-0.298662,0.406669,-0.359617,-0.578586,0.608715,-0.269168,0.601846,0.676544,-0.328052,0.183145,-0.648325,0.723098,-0.152516,-0.0715573,0.720716,-0.0108401,-0.689442,0.0432124,0.746066,-0.0561097,-0.662095,0,0,0,0,-0.137481,0.666628,0.723086,-0.117694,-0.02107,0.688973,0.0172355,0.724275,0.0452595,0.659152,0.0206752,0.750362,0,0,0,0,0.0215783,-0.00274715,0.999724,-0.0089223,0,0,0,0,0,0,0,0,0,0,0,0,0,0,0,0,
0.0244055,-0.00356954,0.999666,0.00773942,0.0233796,-0.00357748,0.99969,0.00773575,0.0224911,-0.00163146,0.999256,-0.0312757,0,0,0,0,-0.0860855,0.722476,-0.679785,0.0922497,-0.703713,0.620014,-0.344865,-0.0379236,-0.183226,0.0351869,-0.637975,0.747113,0.030542,-0.663827,0.720731,-0.197353,-0.0526855,0.710089,0.69937,-0.0622871,-0.644459,0.631786,0.32508,0.282564,0.404995,-0.365018,-0.573386,0.61153,-0.267998,0.596408,0.672664,-0.346408,0.181668,-0.648958,0.722935,-0.152365,-0.0724689,0.720281,-0.0111232,-0.689797,0.0473449,0.72498,-0.0538205,-0.68503,0,0,0,0,-0.136617,0.666012,0.723764,-0.118021,-0.0208555,0.689317,0.0179383,0.723937,0.0442898,0.685465,0.0229445,0.726395,0,0,0,0,0.0224099,-0.00291236,0.999697,-0.00971573,0,0,0,0,0,0,0,0,0,0,0,0,0,0,0,0,
0.0239345,-0.00417728,0.999679,0.00711884,0.0232287,-0.0041823,0.999696,0.00711588,0.0226879,-0.00234421,0.999222,-0.0321832,0,0,0,0,-0.0855358,0.728084,-0.673883,0.0919714,-0.658193,0.610004,-0.438275,0.0509202,-0.466989,0.554246,-0.456095,0.51644,0.287998,-0.55538,0.674071,-0.392732,-0.0514504,0.709345,0.700208,-0.0623806,-0.644779,0.630496,0.330383,0.278536,0.402105,-0.364612,-0.573417,0.613646,-0.266416,0.588099,0.672411,-0.361975,0.180854,-0.649172,0.723004,-0.152096,-0.0749632,0.719656,-0.0120694,-0.690167,0.0528619,0.723558,-0.0513358,-0.686319,0,0,0,0,-0.136131,0.665696,0.724057,-0.118571,-0.0223284,0.689623,0.0171961,0.72362,0.0419955,0.623041,0.0263268,0.780618,0,0,0,0,0.0225934,-0.00357368,0.999683,-0.0105212,0,0,0,0,0,0,0,0,0,0,0,0,0,0,0,0,
0.0245082,-0.00417726,0.999672,0.00615791,0.0160539,-0.00422919,0.999843,0.00612237,0.00756623,-0.00146857,0.999409,-0.033503,0,0,0,0,-0.108477,0.749543,-0.645093,0.101357,-0.653165,0.58413,-0.47905,0.051759,-0.458827,0.558904,-0.457004,0.51793,0.323011,-0.550782,0.657526,-0.399954,-0.0997467,0.764999,0.630173,-0.0878041,0.705346,-0.676795,-0.195043,-0.0799611,-0.0713782,0.165638,0.714632,-0.675848,0.0929812,0.674382,0.71798,-0.14515,0.179886,-0.647702,0.724622,-0.151808,-0.0774342,0.719776,-0.0126173,-0.689759,0.0493159,0.722193,-0.0474226,-0.6883,0,0,0,0,-0.133989,0.667427,0.722911,-0.118274,-0.0218252,0.689221,0.0178913,0.724002,0.0427999,0.616424,0.0257958,0.785827,0,0,0,0,0.0074498,-0.00318724,0.999899,-0.0116371,0,0,0,0,0,0,0,0,0,0,0,0,0,0,0,0,
0.0221623,-0.00396778,0.999732,0.00544465,0.0144196,-0.00400983,0.999873,0.00541376,0.0067148,-0.000758305,0.99939,-0.0342522,0,0,0,0,-0.094835,0.736278,-0.66305,0.096258,-0.648999,0.591443,-0.474406,0.0627174,-0.459903,0.566804,-0.456044,0.509162,0.316831,-0.56652,0.654245,-0.388119,-0.0872386,0.753191,0.646544,-0.0841033,-0.699642,0.68033,0.203397,0.0792561,0.0233235,0.0803169,0.713035,-0.696123,0.308647,0.581816,0.673049,-0.336499,0.178359,-0.647226,0.725558,-0.15117,-0.0793242,0.717932,-0.0108518,-0.691494,0.0284412,0.724873,-0.0280827,-0.687722,0,0,0,0,-0.135115,0.667959,0.721857,-0.120402,-0.0236528,0.690869,0.0177691,0.722374,0.0416766,0.622654,0.0248909,0.78099,0,0,0,0,0.0066002,-0.00266852,0.999898,-0.0123971,0,0,0,0,0,0,0,0,0,0,0,0,0,0,0,0,
0.0213987,-0.00391217,0.999754,0.00432521,0.0142852,-0.00394285,0.999881,0.00429727,0.00727863,-0.000260748,0.999269,-0.0375391,0,0,0,0,-0.084091,0.725266,-0.676818,0.0939941,-0.631427,0.578984,-0.504654,0.106776,-0.456878,0.594836,-0.437721,0.495816,0.277894,-0.557109,0.693578,-0.362428,-0.075648,0.74395,0.658968,-0.0810959,-0.694616,0.683583,0.209996,0.0782607,-0.117886,0.224535,0.699562,-0.668057,0.0344227,0.646349,0.752883,-0.119231,0.176795,-0.646977,0.726191,-0.15103,-0.0837839,0.716845,-0.00709019,-0.692144,0.0600858,0.779561,-0.0392895,-0.622199,0,0,0,0,-0.134492,0.668034,0.72176,-0.121262,-0.0287901,0.691254,0.0169718,0.721838,0.0425101,0.642656,0.0258543,0.764538,0,0,0,0,0.00714759,-0.00251028,0.999861,-0.0148811,0,0,0,0,0,0,0,0,0,0,0,0,0,0,0,0,
0.0174531,-0.00359864,0.999839,0.00185128,0.0122491,-0.00360822,0.999917,0.00183252,0.00718205,0.000137795,0.999207,-0.0391732,0,0,0,0,-0.0779916,0.728368,-0.674596,0.0911974,-0.650889,0.622925,-0.429042,0.0650481,-0.427428,0.529142,-0.512983,0.523605,0.385262,-0.544569,0.579592,-0.468072,-0.0684947,0.734845,0.669981,-0.0802276,0.703978,-0.678568,-0.177049,-0.112314,0.305141,-0.139453,-0.634674,0.696154,0.714347,0.0149029,-0.0063974,0.699603,0.17144,-0.648356,0.726514,-0.149735,-0.0894603,0.713374,-0.00329639,-0.695042,0.0375022,0.719697,-0.0514447,-0.691363,0,0,0,0,-0.134424,0.666904,0.722364,-0.123932,-0.032495,0.693959,0.0161002,0.719101,0.0485425,0.635096,0.0296695,0.770335,0,0,0,0,0.00705939,-0.00206623,0.999832,-0.0168152,0,0,0,0,0,0,0,0,0,0,0,0,0,0,0,0,
0.0169351,-0.00348367,0.99985,0.000787809,0.0133337,-0.00348648,0.999905,0.000775256,0.00990899,0.000581255,0.999047,-0.0425129,0,0,0,0,-0.0745668,0.722747,-0.680718,0.0932719,-0.647894,0.620539,-0.435988,0.0712688,-0.422903,0.529081,-0.515422,0.524945,0.360248,-0.559499,0.581377,-0.468171,-0.0607942,0.725924,0.68051,-0.0790174,-0.687816,0.685471,0.23052,0.0624459,-0.13085,0.217954,0.688442,-0.679281,-0.0119743,0.677086,0.733899,-0.0529578,0.170273,-0.648391,0.72669,-0.15006,-0.0921807,0.712647,-0.0014765,-0.695438,0.042793,0.721184,-0.0566874,-0.689093,0,0,0,0,-0.133967,0.666619,0.722574,-0.124737,-0.0391908,0.694021,0.0144862,0.718741,0.0502603,0.644347,0.0321758,0.762401,0,0,0,0,0.00978661,-0.0017014,0.999763,-0.0193877,0,0,0,0,0,0,0,0,0,0,0,0,0,0,0,0,
0.014971,-0.00299221,0.999876,-0.00388378,0.0110349,-0.0029769,0.999927,-0.00389553,0.00720267,0.000787968,0.998984,-0.0444818,0,0,0,0,-0.0940263,0.749258,-0.647353,0.103468,-0.604062,0.58138,-0.528707,0.132573,-0.390276,0.559577,-0.514425,0.519543,0.430098,-0.510126,0.566859,-0.483174,-0.0847977,0.756712,0.64168,-0.0918874,-0.699821,0.675106,0.221173,0.0745954,-0.122916,0.200095,0.701758,-0.672599,0.00515678,0.707005,0.702395,-0.0822118,0.164397,-0.647943,0.72834,-0.150547,-0.0979232,0.710484,0.00346016,-0.696858,0.0462255,0.727965,-0.0557326,-0.68178,0,0,0,0,-0.13073,0.665995,0.723299,-0.127276,-0.0438838,0.695176,0.0127747,0.717385,0.0547114,0.651202,0.033468,0.756189,0,0,0,0,0.00708763,-0.0013696,0.999737,-0.0217628,0,0,0,0,0,0,0,0,0,0,0,0,0,0,0,0,
0.0129709,-0.0033137,0.999893,-0.00592768,0.00847976,-0.00328704,0.999941,-0.00594251,0.00412077,0.000779079,0.998886,-0.0469932,0,0,0,0,-0.0867477,0.731966,-0.667598,0.104944,-0.656056,0.654746,-0.369366,0.066836,0.242621,-0.351831,0.641982,-0.63656,0.106476,-0.526889,0.82965,-0.150771,-0.0835086,0.758463,0.639379,-0.0946335,0.712334,-0.667678,-0.188917,-0.105345,0.391983,-0.181729,-0.585633,0.685826,0.707966,0.00367786,0.00966801,0.706171,0.162163,-0.64747,0.729232,-0.150687,-0.103062,0.708281,0.00585012,-0.698343,0.05388,0.77673,-0.0721622,-0.623362,0,0,0,0,-0.130572,0.665688,0.723144,-0.129896,-0.0515866,0.696144,0.00980016,0.715979,0.0615455,0.650691,0.0382592,0.755877,0,0,0,0,0.00398795,-0.00150309,0.999692,-0.024443,0,0,0,0,0,0,0,0,0,0,0,0,0,0,0,0,
0.0136136,-0.00346815,0.999869,-0.00806974,0.00843992,-0.00342635,0.999926,-0.00808758,0.00343156,0.00046468,0.998627,-0.0522626,0,0,0,0,-0.0771676,0.724904,-0.676456,0.104724,-0.663347,0.659349,-0.349765,0.0537994,-0.366959,0.421125,-0.546277,0.624161,0.278833,-0.515782,0.761099,-0.277398,-0.0739706,0.743487,0.657536,-0.0969681,-0.681143,0.67699,0.27824,0.0176474,-0.685709,0.714291,0.134242,-0.0396326,-0.272374,0.662934,0.667141,0.203113,0.161165,-0.647542,0.729024,-0.152444,-0.112263,0.707232,0.00928684,-0.69795,0.0732718,0.709689,-0.0729218,-0.69689,0,0,0,0,-0.128802,0.664938,0.723983,-0.13083,-0.0591209,0.695143,0.00757182,0.716397,0.0761233,0.71117,0.0381824,0.697843,0,0,0,0,0.00328294,-0.00173926,0.999584,-0.0285843,0,0,0,0,0,0,0,0,0,0,0,0,0,0,0,0,
0.0107182,-0.00330426,0.999866,-0.0119322,0.00619499,-0.00325025,0.999904,-0.0119471,0.00188359,0.00083571,0.998392,-0.0566576,0,0,0,0,-0.0653875,0.713972,-0.68943,0.103223,-0.649298,0.659996,-0.369229,0.0805471,0.277031,-0.404433,0.633094,-0.599065,0.13094,-0.569098,0.738294,-0.337497,-0.0644995,0.736581,0.66621,-0.0972212,-0.67855,0.682179,0.272003,0.0146927,-0.690437,0.719596,0.072131,0.0165773,0.675954,-0.317939,-0.359785,-0.559067,0.156566,-0.647813,0.729621,-0.153224,0.125304,-0.702904,-0.0175734,0.69994,0.063424,0.764126,-0.0602317,-0.639109,0,0,0,0,-0.127915,0.66342,0.72486,-0.134498,-0.0669618,0.696551,0.00524019,0.714356,0.077973,0.661614,0.0423481,0.744576,0,0,0,0,0.00172127,-0.00149345,0.999457,-0.0328577,0,0,0,0,0,0,0,0,0,0,0,0,0,0,0,0,
0.0135401,-0.00214176,0.999751,-0.0176015,0.0109399,-0.00209597,0.999783,-0.017607,0.00851044,0.00174616,0.998136,-0.0604157,0,0,0,0,-0.0776522,0.726477,-0.672869,0.115964,-0.653263,0.646347,-0.387672,0.0720625,0.417872,-0.528968,0.557769,-0.484221,0.411209,-0.535043,0.55959,-0.481139,-0.0660731,0.732909,0.669216,-0.103098,0.707492,-0.664506,-0.240556,0.00439743,0.116504,0.0220361,-0.670883,0.732022,0.652504,0.297451,-0.268835,0.643031,0.154654,-0.643557,0.732803,-0.157846,0.13834,-0.702488,-0.0214586,0.697791,0.0591528,0.721325,-0.0549232,-0.687877,0,0,0,0,-0.122104,0.665194,0.723896,-0.136318,-0.0781169,0.693361,8.78377e-005,0.716344,0.0828047,0.698626,0.0391613,0.709599,0,0,0,0,0.00838496,-0.000436852,0.999271,-0.0372327,0,0,0,0,0,0,0,0,0,0,0,0,0,0,0,0,
0.00885911,-0.00217315,0.999679,-0.0236495,0.00755238,-0.00214224,0.999689,-0.0236524,0.00646924,0.00160498,0.997707,-0.0673566,0,0,0,0,-0.070929,0.718013,-0.6819,0.12016,-0.677655,0.651763,-0.337094,0.0485397,-0.318836,0.329496,-0.583402,0.670387,0.198264,-0.547278,0.769338,-0.263243,-0.0630293,0.736098,0.66521,-0.10809,0.71126,-0.659564,-0.24304,0.00410686,0.164064,-0.0247863,-0.663728,0.729338,0.626992,0.205765,-0.266983,0.702326,0.145913,-0.646869,0.731527,-0.158548,0.147929,-0.695985,-0.0298329,0.70202,0.0603623,0.719818,-0.0602407,-0.688904,0,0,0,0,-0.120369,0.660851,0.727208,-0.141265,-0.0879433,0.69559,-0.0031975,0.713029,0.0861772,0.673751,0.0378772,0.732938,0,0,0,0,0.00632543,-0.000552188,0.999026,-0.0436575,0,0,0,0,0,0,0,0,0,0,0,0,0,0,0,0,
0.00927404,-0.000821026,0.999529,-0.0292492,0.00970338,-0.00083359,0.999525,-0.0292488,0.010348,0.00297904,0.9973,-0.072645,0,0,0,0,-0.0698645,0.711702,-0.687253,0.127604,-0.670785,0.647292,-0.361054,0.0264567,0.364922,-0.441393,0.579857,-0.579457,0.256642,-0.553197,0.728365,-0.312397,-0.0562889,0.731014,0.671073,-0.110052,0.715921,-0.664123,-0.21433,-0.0214841,0.133809,0.0228289,-0.680326,0.72023,0.572679,0.245501,-0.263921,0.736284,0.141398,-0.644913,0.733474,-0.161589,0.152289,-0.683586,-0.0384849,0.712767,0.0691853,0.761174,-0.0488461,-0.642994,0,0,0,0,-0.115651,0.661149,0.727255,-0.143552,-0.0957156,0.694155,-0.00661368,0.713403,0.0408627,0.658999,0.029349,0.750459,0,0,0,0,0.0102249,0.000728905,0.998751,-0.0489066,0,0,0,0,0,0,0,0,0,0,0,0,0,0,0,0,
0.00864561,-0.00049048,0.999384,-0.0340065,0.00744311,-0.000449562,0.999394,-0.034007,0.00643951,0.00348576,0.996968,-0.0774643,0,0,0,0,-0.0644353,0.700814,-0.698252,0.13097,-0.660751,0.645388,-0.380933,0.0421005,0.422567,-0.514883,0.531966,-0.522824,0.39819,-0.531728,0.583145,-0.467602,-0.0567762,0.726356,0.674766,-0.11779,0.709742,-0.677216,-0.190056,-0.0390316,0.297612,-0.143022,-0.624227,0.708034,0.748478,0.0224324,-0.054727,0.660517,0.136973,-0.64675,0.73207,-0.164398,0.158884,-0.662887,-0.0496647,0.729979,0.0728883,0.748425,-0.0535065,-0.657027,0,0,0,0,-0.113045,0.658015,0.729976,-0.14619,-0.103592,0.69346,-0.0103836,0.712934,0.0821635,0.616451,0.0428936,0.781919,0,0,0,0,0.00630428,0.00117321,0.998543,-0.0535785,0,0,0,0,0,0,0,0,0,0,0,0,0,0,0,0,
0.00906831,-0.0011164,0.999131,-0.0406618,0.0118301,-0.00122879,0.999102,-0.0406585,0.0148447,0.0014428,0.996111,-0.0868376,0,0,0,0,0.0585707,-0.692597,0.702679,-0.152055,-0.697934,0.650524,-0.296616,-0.0415373,-0.202995,0.150331,-0.655067,0.712096,0.0565931,-0.657887,0.721923,-0.206904,-0.0451447,0.71111,0.691018,-0.121567,-0.238062,0.397303,0.706754,-0.534766,-0.0909406,0.371492,0.690253,-0.614227,0.154709,0.674539,0.633175,-0.346629,0.132947,-0.644715,0.733741,-0.168201,0.168244,-0.661561,-0.0575988,0.728501,0.0586368,0.722525,-0.0655628,-0.685727,0,0,0,0,-0.10768,0.657643,0.730341,-0.150046,-0.114966,0.691515,-0.0142016,0.713013,0.0801557,0.650042,0.0465229,0.754225,0,0,0,0,0.0147114,-0.000426102,0.997981,-0.0617844,0,0,0,0,0,0,0,0,0,0,0,0,0,0,0,0,
0.00235285,0.000841555,0.998808,-0.0487566,0.0131821,0.000312873,0.998723,-0.0487628,0.0243508,0.00199523,0.995537,-0.0911505,0,0,0,0,-0.0818432,0.70782,-0.683054,0.160405,-0.662846,0.631275,-0.401517,0.0301889,-0.499839,0.584574,-0.450891,0.452915,0.323246,-0.590921,0.670924,-0.310137,-0.0452817,0.705249,0.695708,-0.1287,-0.174665,0.352691,0.717978,-0.574116,-0.396104,0.703723,0.520952,-0.276559,-0.267008,0.372245,0.883581,-0.0970813,0.121523,-0.644572,0.735661,-0.169002,0.174862,-0.601328,-0.0864611,0.774824,0.0954404,0.784867,-0.0650053,-0.60881,0,0,0,0,-0.105925,0.655418,0.731043,-0.15743,-0.126715,0.675033,-0.0190523,0.726575,0.100301,0.615678,0.0395891,0.780585,0,0,0,0,0.0242783,0.000407275,0.997429,-0.0674245,0,0,0,0,0,0,0,0,0,0,0,0,0,0,0,0,
-0.000787303,0.00140681,0.99868,-0.0513333,0.0131539,0.000690079,0.998594,-0.0513479,0.0274608,0.00214913,0.99517,-0.0942278,0,0,0,0,-0.0755693,0.701174,-0.69042,0.161132,-0.677592,0.655786,-0.332579,-0.0143032,0.390433,-0.457441,0.567072,-0.562796,0.285099,-0.569888,0.695653,-0.331682,-0.0275007,0.694467,0.706685,-0.132498,-0.0467086,0.248618,0.732625,-0.631877,-0.247705,0.58361,0.644725,-0.427049,-0.27642,0.567254,0.631215,-0.45098,0.117535,-0.645111,0.735817,-0.169087,0.179242,-0.600966,-0.0917415,0.773495,0.0837173,0.787865,-0.0462369,-0.608377,0,0,0,0,-0.106359,0.654008,0.731571,-0.160514,-0.132204,0.663938,-0.0219886,0.73568,0.102729,0.657533,0.0323371,0.745689,0,0,0,0,0.027391,0.000504258,0.997156,-0.070215,0,0,0,0,0,0,0,0,0,0,0,0,0,0,0,0,
0.00342076,-0.000888244,0.998304,-0.0581003,0.0122594,-0.00140261,0.998235,-0.0580902,0.0214431,-0.000240531,0.994032,-0.106962,0,0,0,0,0.0480012,-0.664764,0.725065,-0.173395,-0.680347,0.660174,-0.317451,-0.0228534,0.372571,-0.432009,0.579698,-0.581816,0.248049,-0.587948,0.693375,-0.334695,-0.0174884,0.67743,0.72162,-0.141592,0.0395413,0.174433,0.740109,-0.648265,-0.263899,0.573775,0.669579,-0.390901,-0.2558,0.672925,0.320485,-0.615652,0.117214,-0.640543,0.738504,-0.174865,0.183293,-0.579968,-0.101484,0.787237,0.0848585,0.725953,-0.0553679,-0.680239,0,0,0,0,-0.0981317,0.655574,0.730711,-0.163261,-0.143476,0.621498,-0.0352536,0.769358,0.104962,0.622661,0.0393097,0.774423,0,0,0,0,0.0212969,-0.00182294,0.996471,-0.0811645,0,0,0,0,0,0,0,0,0,0,0,0,0,0,0,0,
0.00207832,0.00079217,0.997791,-0.0663967,0.00906962,0.000326921,0.997752,-0.0664007,0.0164736,0.00338765,0.993299,-0.114343,0,0,0,0,0.0385284,-0.650996,0.736884,-0.178107,-0.69596,0.682299,-0.209258,-0.0794972,0.31399,-0.367974,0.632382,-0.605061,0.162889,-0.626493,0.722615,-0.242488,-0.0157936,0.675315,0.721635,-0.151469,0.0989673,0.126459,0.733013,-0.660989,-0.264601,0.561846,0.683902,-0.382875,-0.241366,0.682763,0.286559,-0.627264,0.110653,-0.637468,0.741083,-0.179405,0.190867,-0.565724,-0.112511,0.794272,0.0874871,0.724634,-0.0583335,-0.681065,0,0,0,0,-0.0935619,0.65501,0.730533,-0.168907,-0.153616,0.608031,-0.0425429,0.777747,0.0999092,0.643617,0.0341605,0.758029,0,0,0,0,0.0162987,0.00112081,0.995873,-0.0892778,0,0,0,0,0,0,0,0,0,0,0,0,0,0,0,0,
0.00173487,0.00080003,0.997448,-0.0713737,0.00909798,0.000273128,0.997408,-0.0713777,0.016955,0.00389271,0.99251,-0.120915,0,0,0,0,0.0225279,-0.625127,0.760966,-0.172158,0.707536,-0.671182,0.0452799,0.216464,0.406876,-0.50566,0.597035,-0.471496,0.426958,-0.49596,0.536892,-0.532426,0.00218744,0.651874,0.744173,-0.145815,-0.175574,0.361196,0.711626,-0.576454,-0.475124,0.725098,0.460242,-0.191488,0.0804553,0.335372,0.934991,-0.0827321,0.107228,-0.63554,0.742587,-0.182086,0.19843,-0.568858,-0.115925,0.789676,0.0964508,0.779364,-0.0559959,-0.616566,0,0,0,0,-0.0900359,0.655106,0.730124,-0.17219,-0.159629,0.575826,-0.0522415,0.800133,0.102874,0.615638,0.0398938,0.780266,0,0,0,0,0.016757,0.00144857,0.995264,-0.0957441,0,0,0,0,0,0,0,0,0,0,0,0,0,0,0,0,
0.0008587,0.00483451,0.996663,-0.081475,0.00743857,0.00429651,0.996636,-0.0815051,0.0143836,0.00793605,0.99174,-0.127205,0,0,0,0,0.0254834,-0.633347,0.750592,-0.186636,-0.683271,0.684963,-0.247837,-0.0504371,0.4239,-0.521192,0.559483,-0.485434,0.43959,-0.504265,0.56857,-0.478754,-0.00525669,0.648017,0.74334,-0.165805,-0.154589,0.345885,0.720283,-0.581083,-0.0920276,0.458492,0.663482,-0.584044,0.106514,0.494147,0.839308,-0.200091,0.0998588,-0.632172,0.74468,-0.189311,0.205642,-0.554469,-0.130487,0.795769,0.0878356,0.725052,-0.0475538,-0.681413,0,0,0,0,-0.0857276,0.65308,0.730854,-0.178854,-0.177288,0.615353,-0.0487997,0.766504,0.0841345,0.889557,0.0207872,0.448529,0,0,0,0,0.0142423,0.00538072,0.994584,-0.102818,0,0,0,0,0,0,0,0,0,0,0,0,0,0,0,0,
0.000292568,0.00668571,0.996036,-0.0886964,0.00670609,0.00611445,0.996014,-0.0887376,0.013533,0.0104957,0.990528,-0.136239,0,0,0,0,0.0118746,-0.60283,0.77551,-0.187188,-0.69596,0.689062,-0.162042,-0.120732,-0.0996294,0.052013,-0.697843,0.707378,-0.104126,-0.620858,0.721625,-0.288011,0.00752325,0.622339,0.764515,-0.167792,-0.146801,0.338409,0.721249,-0.586284,-0.112681,0.472161,0.663243,-0.569627,0.0954114,0.60684,0.749703,-0.246145,0.0965112,-0.62497,0.749929,-0.194175,0.213224,-0.551916,-0.138381,0.794213,-0.097732,-0.689866,0.054837,0.715211,0,0,0,0,-0.0817418,0.656215,0.727048,-0.184663,-0.183529,0.524072,-0.0708935,0.828637,0.0927385,0.630032,0.0368253,0.770132,0,0,0,0,0.0133879,0.00762452,0.993682,-0.111169,0,0,0,0,0,0,0,0,0,0,0,0,0,0,0,0,
-0.00374114,0.010159,0.995439,-0.0947816,-0.000807765,0.00987964,0.995446,-0.0948111,0.00247993,0.015776,0.98984,-0.141288,0,0,0,0,-0.0019029,-0.587307,0.787963,-0.184881,-0.691681,0.692815,-0.167134,-0.116835,0.363384,-0.416885,0.602457,-0.575504,0.224065,-0.614388,0.703284,-0.278772,0.00349213,0.62473,0.760457,-0.177214,-0.124195,0.318879,0.727888,-0.594197,-0.228064,0.558873,0.64263,-0.471884,-0.103573,0.654665,0.658553,-0.356363,0.0877253,-0.623653,0.751758,-0.195502,0.220611,-0.547132,-0.145457,0.794241,0.0958178,0.719326,-0.0454468,-0.68653,0,0,0,0,-0.0800944,0.655299,0.726871,-0.189278,-0.190592,0.472918,-0.0871015,0.855825,0.102263,0.702593,0.0301078,0.703561,0,0,0,0,0.00235157,0.0126182,0.993051,-0.116979,0,0,0,0,0,0,0,0,0,0,0,0,0,0,0,0,
-0.0065074,0.00895502,0.994749,-0.101741,0.00862263,0.0074066,0.994733,-0.101865,0.024358,0.0095703,0.988723,-0.147454,0,0,0,0,0.0156157,-0.588339,0.781066,-0.208687,-0.689467,0.68587,-0.214921,-0.0895869,0.41763,-0.514769,0.570073,-0.485402,0.434986,-0.500497,0.55609,-0.501053,0.0212986,0.601355,0.778835,-0.177016,-0.120301,0.317048,0.724808,-0.599718,0.0315186,0.402615,0.655138,-0.638515,0.26233,0.442043,0.83156,-0.210448,0.0819617,-0.619619,0.755207,-0.197525,0.230674,-0.550102,-0.150727,0.788327,0.0946594,0.729141,-0.0475789,-0.676114,0,0,0,0,-0.0757653,0.655676,0.725431,-0.195192,-0.19641,0.461475,-0.0953223,0.859871,0.103992,0.759814,0.0202324,0.641451,0,0,0,0,0.0243438,0.0075676,0.992034,-0.123367,0,0,0,0,0,0,0,0,0,0,0,0,0,0,0,0,
0.000430745,0.00778979,0.993937,-0.109673,0.0270066,0.00485455,0.99357,-0.109842,0.0545507,0.00416074,0.986827,-0.152247,0,0,0,0,-0.0722219,0.693887,-0.680348,0.224568,-0.672228,0.609402,-0.417812,0.0465937,0.396122,-0.456707,0.550366,-0.575851,0.328583,-0.513614,0.708209,-0.355915,0.0295297,0.583103,0.788078,-0.195071,-0.109996,0.306256,0.728907,-0.602331,-0.459939,0.739011,0.473765,-0.133664,-0.323046,0.525356,0.786711,0.0269952,0.0797328,-0.626496,0.747143,-0.207177,0.246962,-0.540263,-0.162195,0.78792,0.0990333,0.73726,-0.0435478,-0.666891,0,0,0,0,-0.0681007,0.645822,0.734738,-0.196052,-0.208442,0.465216,-0.105794,0.853776,0.110359,0.68286,0.0333179,0.721397,0,0,0,0,0.0546427,0.00290354,0.990115,-0.129144,0,0,0,0,0,0,0,0,0,0,0,0,0,0,0,0,
0.000899504,0.00845862,0.993078,-0.117144,0.0177033,0.0064752,0.992921,-0.117271,0.03509,0.00772255,0.985921,-0.163309,0,0,0,0,0.0279967,-0.655493,0.717192,-0.234907,-0.644446,0.623921,-0.435656,0.0749383,0.411224,-0.530603,0.553927,-0.492463,0.449509,-0.494154,0.559453,-0.490678,0.023794,0.604595,0.770226,-0.201621,-0.150361,0.333496,0.731481,-0.57542,-0.06425,0.457228,0.666308,-0.585533,0.0908449,0.427212,0.859735,-0.26475,0.0743663,-0.621155,0.751136,-0.210786,0.254689,-0.533221,-0.171755,0.788231,0.0994314,0.729249,-0.0385423,-0.675887,0,0,0,0,-0.0607052,0.648015,0.732496,-0.199603,-0.219663,0.474391,-0.113223,0.844916,0.126046,0.779853,0.0228188,0.612716,0,0,0,0,0.0351011,0.00592476,0.989689,-0.138742,0,0,0,0,0,0,0,0,0,0,0,0,0,0,0,0,
-0.00519595,0.00971513,0.986262,-0.164819,0.0145265,0.00641745,0.986169,-0.16498,0.0352992,0.00594642,0.98306,-0.179755,0,0,0,0,0.0111126,-0.626105,0.739259,-0.24772,-0.689503,0.676409,-0.256018,-0.0388781,-0.323723,0.322153,-0.604894,0.652322,0.217796,-0.524428,0.790264,-0.230269,0.0412652,0.579575,0.785155,-0.214293,0.657719,-0.656449,-0.175261,-0.325213,-0.415166,0.526547,0.584773,-0.456537,-0.465246,0.44682,0.65869,-0.387332,0.0365338,-0.622254,0.74433,-0.239662,0.295805,-0.512964,-0.234985,0.770811,0.163936,0.72477,-0.0337794,-0.668351,0,0,0,0,-0.0381977,0.623064,0.745484,-0.233636,-0.266103,0.494586,-0.16165,0.811445,0.134559,0.750309,0.0326342,0.646425,0,0,0,0,0.0354016,0.00509051,0.986695,-0.1586,0,0,0,0,0,0,0,0,0,0,0,0,0,0,0,0,
-0.00688637,0.00322046,0.983984,-0.178094,-0.0103265,0.00384309,0.983954,-0.178081,-0.0133104,0.00831237,0.978019,-0.207926,0,0,0,0,-0.036637,-0.537082,0.802324,-0.257832,0.698668,-0.681488,0.187934,0.110082,0.41362,-0.513546,0.58391,-0.473539,0.43723,-0.497357,0.546422,-0.512726,0.0197387,0.662392,0.707429,-0.245749,-0.678739,0.649738,0.283013,0.192503,-0.363257,0.484934,0.617847,-0.501147,-0.347411,0.42926,0.769122,-0.321704,0.0303681,-0.608764,0.754114,-0.244533,0.389781,-0.505599,-0.291015,0.712566,0.0973833,0.709838,-0.0358976,-0.696676,0,0,0,0,-0.0234403,0.629838,0.737312,-0.24316,-0.361587,0.480753,-0.240597,0.761738,0.116094,0.706339,0.0317112,0.697568,0,0,0,0,-0.0134399,0.00722593,0.982671,-0.184732,0,0,0,0,0,0,0,0,0,0,0,0,0,0,0,0,
-0.0083574,0.0107964,0.983957,-0.177884,-0.00919671,0.0109481,0.983949,-0.177874,-0.010677,0.00914663,0.978029,-0.207994,0,0,0,0,-0.0354506,-0.537709,0.800753,-0.261548,0.696792,-0.691612,0.135507,0.133384,-0.0710293,-0.00283786,-0.705706,0.704929,-0.0134078,-0.685117,0.721638,-0.098355,0.0218756,0.648435,0.71876,-0.249877,0.682312,-0.659684,-0.242566,-0.201071,-0.376327,0.498885,0.61005,-0.487166,-0.326698,0.479399,0.763413,-0.283981,0.0299248,-0.605014,0.756633,-0.246107,0.392663,-0.511751,-0.29835,0.703501,0.0971964,0.710332,-0.0397818,-0.695988,0,0,0,0,-0.0293922,0.630414,0.736151,-0.244532,-0.375829,0.470448,-0.241234,0.761077,0.116048,0.705782,0.0318685,0.698133,0,0,0,0,-0.0103842,0.00985346,0.982223,-0.18717,0,0,0,0,0,0,0,0,0,0,0,0,0,0,0,0,
-0.00965937,0.0137073,0.983921,-0.177816,-0.00679474,0.0131896,0.983945,-0.177856,-0.00420158,0.012355,0.978052,-0.20795,0,0,0,0,-0.0297501,-0.546584,0.79261,-0.268572,0.700961,-0.687091,0.145337,0.124243,-0.0905881,0.0237977,-0.704983,0.703013,0.007361,0.710619,-0.694504,0.112382,0.0245359,0.644835,0.721189,-0.251938,-0.651611,0.678475,0.319097,0.115116,-0.540812,0.639433,0.395772,-0.376846,-0.239333,0.45465,0.834377,-0.199568,0.0307922,-0.598029,0.762147,-0.246057,0.394818,-0.506385,-0.308834,0.701651,0.119033,0.710718,-0.0422454,-0.692045,0,0,0,0,-0.0303604,0.634705,0.732185,-0.245218,-0.395659,0.459056,-0.246883,0.756155,0.119198,0.703704,0.0327767,0.699656,0,0,0,0,-0.00395723,0.0125271,0.98182,-0.189358,0,0,0,0,0,0,0,0,0,0,0,0,0,0,0,0,
-0.00881156,0.0151921,0.983642,-0.179279,-0.00394788,0.0143055,0.983673,-0.179352,0.000995758,0.0148388,0.977276,-0.21145,0,0,0,0,-0.0315424,-0.538453,0.797964,-0.268936,0.68951,-0.687311,0.0634572,0.219438,-0.212964,0.175859,-0.694955,0.663896,-0.0705433,0.707811,-0.675011,0.195928,0.0341784,0.627983,0.736389,-0.249401,0.680096,-0.669381,-0.189537,-0.231246,-0.308622,0.428068,0.644194,-0.553646,-0.195661,0.50047,0.813527,-0.222305,0.030243,-0.597767,0.76174,-0.248016,0.397738,-0.49891,-0.319078,0.700772,0.114009,0.713289,-0.0297101,-0.690897,0,0,0,0,-0.0301631,0.632905,0.733598,-0.245671,-0.405361,0.453585,-0.248868,0.753663,0.117069,0.701372,0.0327912,0.702351,0,0,0,0,0.00108672,0.0140219,0.98115,-0.192737,0,0,0,0,0,0,0,0,0,0,0,0,0,0,0,0,
-0.022488,0.0166673,0.982083,-0.186358,-0.0124953,0.0147705,0.982261,-0.186518,-0.00186138,0.0153304,0.973801,-0.226879,0,0,0,0,-0.0563538,-0.489051,0.833253,-0.25168,0.685301,-0.692902,0.0848117,0.207499,-0.260873,0.228821,-0.66932,0.65696,-0.102516,0.695102,-0.67039,0.238537,0.0586526,0.581781,0.775376,-0.238502,0.667639,-0.675404,-0.159359,-0.269616,-0.344569,0.380236,0.627849,-0.585234,-0.217517,0.575619,0.748192,-0.248107,0.0118278,-0.603483,0.759042,-0.243976,0.404964,-0.496313,-0.326968,0.694817,0.111322,0.712656,-0.0280126,-0.692058,0,0,0,0,-0.0340997,0.626428,0.735476,-0.255932,-0.410025,0.451665,-0.254219,0.7505,0.123613,0.70053,0.0332413,0.702049,0,0,0,0,-0.0019651,0.0136157,0.978606,-0.205284,0,0,0,0,0,0,0,0,0,0,0,0,0,0,0,0,
-0.0217631,0.0176469,0.981895,-0.187344,-0.0120255,0.0157883,0.982062,-0.187509,-0.00156975,0.016766,0.97427,-0.224753,0,0,0,0,-0.0574111,-0.481805,0.838644,-0.247473,0.676524,-0.696432,0.0555101,0.232844,-0.262118,0.233426,-0.669014,0.655154,-0.101032,0.690301,-0.672519,0.246972,0.0599102,0.572864,0.782896,-0.235183,0.67642,-0.636988,-0.0193952,-0.369225,-0.366386,0.475432,0.636814,-0.483937,-0.253306,0.591636,0.698171,-0.313624,0.0138232,-0.596559,0.763995,-0.245435,0.414434,-0.510129,-0.322563,0.68115,0.0939111,0.714164,-0.0414136,-0.692413,0,0,0,0,-0.0328274,0.628972,0.733193,-0.256408,-0.422262,0.446863,-0.258974,0.744943,0.125085,0.700666,0.0344784,0.701593,0,0,0,0,-0.00165411,0.0150516,0.978789,-0.204311,0,0,0,0,0,0,0,0,0,0,0,0,0,0,0,0,
0.000613596,0.0163057,0.978116,-0.207421,0.00842716,0.0146482,0.97808,-0.207544,0.0174171,0.0187007,0.967571,-0.251303,0,0,0,0,-0.0462786,-0.486667,0.820549,-0.296162,0.710004,-0.675755,0.0996973,0.1712,0.0785965,-0.0447004,0.72748,-0.680145,-0.00312993,0.743544,-0.659874,0.108156,0.0730855,0.52055,0.805621,-0.273242,0.658252,-0.631833,-0.15138,-0.380231,-0.464397,0.45119,0.593254,-0.478343,-0.388362,0.547728,0.613877,-0.41512,0.0114447,-0.602021,0.751362,-0.269992,0.420868,-0.493664,-0.340834,0.68044,0.120154,0.719292,-0.0352975,-0.683327,0,0,0,0,-0.00751824,0.616712,0.743782,-0.25768,-0.431311,0.446786,-0.267748,0.736657,0.127763,0.690137,0.0384497,0.711273,0,0,0,0,0.0172185,0.0163346,0.972115,-0.233299,0,0,0,0,0,0,0,0,0,0,0,0,0,0,0,0,
-0.00596028,0.0157886,0.978871,-0.203783,-0.00119739,0.0147969,0.978888,-0.203857,0.00444284,0.0187218,0.970065,-0.242083,0,0,0,0,-0.0545566,-0.482021,0.825824,-0.287566,0.695547,-0.685725,0.0882828,0.195454,-0.175764,0.134949,-0.703414,0.675355,-0.0459493,0.719803,-0.671765,0.168831,0.0612884,0.53207,0.79804,-0.276184,0.651823,-0.648023,-0.143636,-0.366826,-0.419095,0.492157,0.597337,-0.474689,-0.411823,0.467922,0.691636,-0.364816,0.0130195,-0.596201,0.757864,-0.264608,0.417814,-0.495302,-0.3368,0.683135,0.126406,0.711594,-0.0408718,-0.689917,0,0,0,0,-0.0133817,0.621771,0.738839,-0.259497,-0.432688,0.447909,-0.271004,0.733973,0.131756,0.697666,0.0384998,0.703151,0,0,0,0,0.00454813,0.0181789,0.973111,-0.229572,0,0,0,0,0,0,0,0,0,0,0,0,0,0,0,0,
-0.0130446,0.0188473,0.976836,-0.212756,-0.00416033,0.0169116,0.976915,-0.212919,0.00582608,0.0199471,0.967376,-0.252491,0,0,0,0,-0.0476957,-0.508973,0.804505,-0.302395,0.702967,-0.646521,-0.0324217,0.294613,0.418902,-0.523593,0.593885,-0.444602,0.453002,-0.498609,0.555876,-0.487011,0.0541319,0.545123,0.784075,-0.291781,0.66434,-0.652783,-0.163175,-0.325425,-0.405789,0.506135,0.598779,-0.469709,-0.442588,0.427061,0.696138,-0.370306,0.000285018,-0.592467,0.76045,-0.26589,0.427031,-0.501144,-0.338602,0.672197,0.121307,0.711169,-0.051002,-0.690595,0,0,0,0,-0.0119953,0.618403,0.738725,-0.267806,-0.439,0.460939,-0.267519,0.723359,0.108869,0.700311,0.0478418,0.703863,0,0,0,0,0.00587197,0.0184691,0.972632,-0.231541,0,0,0,0,0,0,0,0,0,0,0,0,0,0,0,0,
-0.00268583,0.017701,0.975337,-0.219995,-0.0075181,0.0187907,0.975311,-0.219904,-0.0120897,0.0250802,0.96591,-0.257375,0,0,0,0,-0.0431187,-0.53288,0.777548,-0.331056,-0.695116,0.672695,-0.246102,-0.0610654,0.394735,-0.52762,0.60897,-0.441539,-0.476751,0.474852,-0.500336,0.544875,0.0212843,0.623172,0.710751,-0.325632,-0.676175,0.634235,0.326422,0.184343,-0.401614,0.506037,0.594022,-0.479343,-0.428231,0.450408,0.673352,-0.400435,0.0026393,-0.585159,0.762989,-0.274645,0.438352,-0.493679,-0.352625,0.663162,-0.121251,-0.702231,0.0493058,0.699813,0,0,0,0,0.00317769,0.620815,0.737488,-0.265877,-0.458166,0.456444,-0.282556,0.708452,0.122525,0.911335,0.00502395,0.392976,0,0,0,0,-0.0122656,0.0228679,0.97115,-0.237055,0,0,0,0,0,0,0,0,0,0,0,0,0,0,0,0,
-0.00682871,0.0142189,0.975663,-0.218709,-0.00700595,0.0142586,0.975661,-0.218707,-0.00759708,0.0146439,0.966506,-0.256114,0,0,0,0,-0.0373075,-0.526932,0.779802,-0.335945,0.71657,-0.661002,0.0972616,0.200359,0.402447,-0.519547,0.610271,-0.442354,-0.452685,0.490975,-0.504518,0.547249,0.0260768,0.621181,0.714334,-0.321217,-0.666858,0.653546,0.300302,0.194926,-0.362512,0.498341,0.607866,-0.50074,-0.486975,0.326058,0.703982,-0.401187,0.0020465,-0.586151,0.763443,-0.271252,0.439707,-0.494016,-0.353956,0.661302,-0.129789,-0.702707,0.0549916,0.697376,0,0,0,0,0.000766583,0.619783,0.737777,-0.267496,-0.453844,0.446643,-0.294707,0.712519,0.137372,0.70434,0.0407081,0.695254,0,0,0,0,-0.00713771,0.0154876,0.971484,-0.236493,0,0,0,0,0,0,0,0,0,0,0,0,0,0,0,0,
-0.00290119,0.0226213,0.972928,-0.229982,-0.00742051,0.0236893,0.972904,-0.229874,-0.0103245,0.0363237,0.962029,-0.270323,0,0,0,0,-0.0804891,-0.495267,0.814067,-0.292452,0.702863,-0.678553,0.133306,0.166671,0.42254,-0.520091,0.58187,-0.460861,0.4465,-0.504383,0.539057,-0.505621,0.0593333,0.565127,0.767275,-0.297322,0.670001,-0.65724,-0.260777,-0.226118,-0.383649,0.513474,0.599433,-0.479414,-0.497656,0.370295,0.667649,-0.41166,-0.00746444,-0.580663,0.764391,-0.280144,0.439099,-0.491201,-0.362855,0.658976,-0.13225,-0.703335,0.0500612,0.696652,0,0,0,0,0.00930399,0.617783,0.738127,-0.270974,-0.465559,0.448554,-0.291804,0.704915,0.129394,0.703161,0.0489674,0.697441,0,0,0,0,-0.0110768,0.0312621,0.967987,-0.248801,0,0,0,0,0,0,0,0,0,0,0,0,0,0,0,0,
-0.000762763,0.0199326,0.97214,-0.233552,0.00179078,0.0193191,0.972138,-0.233603,0.0056313,0.0264327,0.961767,-0.272534,0,0,0,0,-0.0621695,-0.509422,0.799181,-0.312946,0.711579,-0.665192,0.0852377,0.209545,0.436142,-0.520231,0.584686,-0.444165,0.442119,-0.523502,0.52432,-0.505534,0.0672088,0.555645,0.77182,-0.30172,0.674434,-0.660202,-0.198328,-0.264457,-0.392116,0.481952,0.602489,-0.500974,-0.351988,0.475639,0.738933,-0.322258,-0.0086212,-0.585363,0.759433,-0.283792,0.446202,-0.493829,-0.361532,0.65294,0.123742,0.712605,-0.0523943,-0.688576,0,0,0,0,0.0115967,0.611319,0.742752,-0.272898,-0.465213,0.45079,-0.296001,0.70196,0.132769,0.694117,0.052275,0.705578,0,0,0,0,0.00520421,0.0229523,0.967482,-0.251843,0,0,0,0,0,0,0,0,0,0,0,0,0,0,0,0,
0.00381214,0.0204206,0.971826,-0.234783,0.00452295,0.0202489,0.971823,-0.234797,0.00600524,0.0262975,0.961768,-0.272535,0,0,0,0,-0.0597754,-0.511944,0.796442,-0.316261,0.689996,-0.68984,0.0729982,0.206633,-0.183836,0.163222,-0.697957,0.672621,0.081621,-0.665857,0.72972,-0.132218,0.065219,0.557442,0.769579,-0.304555,0.679814,-0.646742,-0.0726784,-0.338076,-0.34898,0.441016,0.647772,-0.513916,-0.237643,0.525986,0.78834,-0.213038,-0.00672702,-0.582877,0.76034,-0.286516,0.445177,-0.493215,-0.365328,0.65199,0.128666,0.711788,-0.0527394,-0.688492,0,0,0,0,0.0168101,0.613393,0.741754,-0.270678,-0.46927,0.451151,-0.300133,0.697258,0.134574,0.69405,0.0543934,0.705142,0,0,0,0,0.00569593,0.0232175,0.967515,-0.251683,0,0,0,0,0,0,0,0,0,0,0,0,0,0,0,0,
0.00942467,0.0189846,0.968734,-0.247194,0.0125738,0.0181809,0.968698,-0.247254,0.0164105,0.0222869,0.958229,-0.28466,0,0,0,0,-0.0608679,-0.505196,0.796099,-0.327563,0.714986,-0.665494,0.0981098,0.190492,0.406358,-0.526194,0.604107,-0.439371,0.463468,-0.487227,0.534346,-0.512135,0.0834604,0.536581,0.781718,-0.306646,-0.611599,0.71565,0.330185,0.0690662,-0.399988,0.635259,0.524064,-0.402259,-0.568682,0.214211,0.736535,-0.297034,-0.0129376,-0.580795,0.758141,-0.296196,0.448433,-0.493653,-0.37406,0.644432,0.135384,0.71389,-0.0571342,-0.684666,0,0,0,0,0.0300984,0.607842,0.744276,-0.275091,-0.481348,0.463576,-0.295018,0.68291,0.109889,0.692975,0.0679401,0.709292,0,0,0,0,0.0162356,0.0199681,0.963699,-0.265747,0,0,0,0,0,0,0,0,0,0,0,0,0,0,0,0,
0.012803,0.0167524,0.968197,-0.249299,0.0138794,0.0164752,0.968182,-0.249318,0.0154988,0.0207289,0.958493,-0.283937,0,0,0,0,-0.0571772,-0.50379,0.794855,-0.333365,0.701981,-0.679465,0.180199,0.114365,0.415543,-0.51689,0.58637,-0.465101,0.436394,-0.499297,0.572025,-0.482752,0.0790397,0.538534,0.778674,-0.312091,0.681351,-0.666547,-0.165589,-0.253094,-0.338283,0.445552,0.634031,-0.533904,-0.263265,0.435602,0.831992,-0.220753,-0.0119025,-0.582157,0.755951,-0.299148,0.451918,-0.496131,-0.377705,0.637936,0.148264,0.710395,-0.0705932,-0.684378,0,0,0,0,0.0335586,0.604158,0.747183,-0.274926,-0.487124,0.463666,-0.2987,0.677128,0.116086,0.694325,0.0727268,0.706504,0,0,0,0,0.0153065,0.0184896,0.963837,-0.265409,0,0,0,0,0,0,0,0,0,0,0,0,0,0,0,0,
0.0191789,0.0162208,0.96721,-0.252733,0.0188472,0.0163075,0.967216,-0.252728,0.0188528,0.0206423,0.957552,-0.286903,0,0,0,0,-0.0497743,-0.51218,0.783621,-0.348041,0.709141,-0.668273,0.181035,0.133256,0.426443,-0.5104,0.588756,-0.459352,0.433137,-0.510369,0.549193,-0.500303,0.0758635,0.542064,0.771785,-0.323664,0.688935,-0.658278,-0.143239,-0.267435,-0.319867,0.420039,0.653916,-0.541892,-0.210975,0.500491,0.809851,-0.221676,-0.010769,-0.582867,0.753273,-0.304515,0.451762,-0.491745,-0.383188,0.638173,0.150227,0.709302,-0.0656633,-0.685573,0,0,0,0,0.0397734,0.601471,0.749438,-0.273851,-0.481428,0.450562,-0.313033,0.683543,0.158437,0.689276,0.0674976,0.703733,0,0,0,0,0.0187146,0.018555,0.962904,-0.268555,0,0,0,0,0,0,0,0,0,0,0,0,0,0,0,0,
0.0120979,0.0199682,0.966906,-0.254064,0.0115273,0.0201182,0.966913,-0.254052,0.0113395,0.0249373,0.957107,-0.288438,0,0,0,0,-0.0588729,-0.503116,0.79146,-0.342053,0.713697,-0.657973,0.074683,0.228321,0.424127,-0.50134,0.600216,-0.456635,0.426086,-0.50792,0.544686,-0.5136,0.0726905,0.544447,0.769928,-0.324813,0.689798,-0.62725,-0.03758,-0.359616,-0.400854,0.505837,0.624154,-0.440315,-0.41501,0.49361,0.615304,-0.45334,-0.013918,-0.576284,0.758831,-0.303115,0.45219,-0.4926,-0.384663,0.63632,0.148587,0.705225,-0.0669926,-0.689994,0,0,0,0,0.034774,0.606633,0.743557,-0.279125,-0.492194,0.459897,-0.30295,0.674137,0.123422,0.698117,0.0728691,0.701491,0,0,0,0,0.0111482,0.0225709,0.962524,-0.270024,0,0,0,0,0,0,0,0,0,0,0,0,0,0,0,0,
0.0151779,0.0173882,0.965582,-0.259071,0.0134533,0.0178509,0.965608,-0.25904,0.01181,0.0218737,0.955661,-0.293419,0,0,0,0,-0.0636701,-0.501282,0.792703,-0.341005,0.715659,-0.634267,-0.0111648,0.292253,0.422903,-0.498122,0.612733,-0.444506,0.428006,-0.504386,0.538212,-0.522239,0.0793435,0.539045,0.773612,-0.32351,0.676897,-0.673037,-0.16375,-0.249031,-0.310091,0.304804,0.65082,-0.622392,-0.193035,0.575123,0.767539,-0.207015,-0.0177434,-0.579496,0.754963,-0.306431,0.465044,-0.489591,-0.387641,0.627511,0.144481,0.707118,-0.0710452,-0.688521,0,0,0,0,0.0407209,0.599558,0.74857,-0.280205,-0.493153,0.456962,-0.313202,0.670738,0.128066,0.695665,0.0693064,0.703453,0,0,0,0,0.0116908,0.0199559,0.961151,-0.275053,0,0,0,0,0,0,0,0,0,0,0,0,0,0,0,0,
0.0178727,0.0183439,0.96485,-0.261551,0.0172693,0.0185075,0.964861,-0.261539,0.0167889,0.0222483,0.954896,-0.29563,0,0,0,0,-0.0556309,-0.509217,0.78231,-0.354394,0.721762,-0.651907,0.0719031,0.221149,0.429888,-0.504468,0.602774,-0.444265,0.429181,-0.515461,0.532304,-0.516484,0.0782508,0.543857,0.766899,-0.331606,0.684205,-0.652786,-0.120566,-0.30199,-0.407131,0.500065,0.605847,-0.465971,-0.398597,0.429723,0.761458,-0.276839,-0.0183923,-0.577009,0.755852,-0.308886,0.467918,-0.494551,-0.389359,0.62038,0.142217,0.708341,-0.0778404,-0.687,0,0,0,0,0.0454912,0.600584,0.747696,-0.279608,-0.49136,0.449535,-0.317584,0.675,0.152694,0.691337,0.0692347,0.702812,0,0,0,0,0.0166891,0.0202941,0.960391,-0.277413,0,0,0,0,0,0,0,0,0,0,0,0,0,0,0,0,
0.00635586,0.0209502,0.966277,-0.256573,0.00899964,0.0202481,0.966256,-0.25663,0.0120193,0.02328,0.955567,-0.293607,0,0,0,0,-0.058414,-0.504443,0.787866,-0.348415,0.713395,-0.648425,0.0255037,0.264505,0.432017,-0.508362,0.598441,-0.443618,0.441706,-0.509209,0.527525,-0.51703,0.0740698,0.547373,0.765815,-0.329276,0.684425,-0.645813,-0.0827037,-0.328097,-0.388356,0.484069,0.623636,-0.475327,-0.361094,0.4381,0.775536,-0.276086,-0.0206724,-0.572899,0.762279,-0.300484,0.457081,-0.469077,-0.406391,0.637095,-0.216428,-0.578715,0.12867,0.775688,0,0,0,0,0.0344287,0.60686,0.742074,-0.282598,-0.497537,0.44528,-0.320688,0.671819,0.154931,0.693359,0.068407,0.700407,0,0,0,0,0.0119025,0.0211884,0.961406,-0.274057,0,0,0,0,0,0,0,0,0,0,0,0,0,0,0,0,
0.00646103,0.0210014,0.964343,-0.263743,0.00879388,0.0203633,0.964324,-0.263793,0.011664,0.0238317,0.954228,-0.2979,0,0,0,0,-0.0610431,-0.490111,0.794331,-0.3537,0.719392,-0.657761,0.109692,0.194407,0.432093,-0.504397,0.597562,-0.449221,0.440824,-0.505495,0.5259,-0.523046,0.0777428,0.545728,0.765459,-0.331977,0.695627,-0.641829,-0.096285,-0.308038,-0.369626,0.47509,0.638998,-0.478902,-0.324312,0.469011,0.762049,-0.30681,-0.0233768,-0.562846,0.767999,-0.304689,0.470946,-0.478867,-0.403599,0.621292,-0.156771,-0.703143,0.0694852,0.690061,0,0,0,0,0.0427304,0.610343,0.737382,-0.286224,-0.512675,0.445343,-0.322028,0.659646,0.145251,0.69536,0.0746736,0.699857,0,0,0,0,0.0114805,0.0216577,0.959665,-0.280074,0,0,0,0,0,0,0,0,0,0,0,0,0,0,0,0,
0.00872979,0.0197081,0.964703,-0.262456,0.010176,0.0193147,0.964689,-0.262485,0.0123109,0.0238386,0.954548,-0.296848,0,0,0,0,-0.0604088,-0.491536,0.793677,-0.353299,0.710754,-0.634107,-0.0186079,0.30396,0.43675,-0.502508,0.603243,-0.439127,0.441011,-0.508507,0.532017,-0.5137,0.0778651,0.545287,0.766034,-0.331348,0.688234,-0.652514,-0.112805,-0.296369,-0.325068,0.432689,0.655254,-0.527023,-0.237552,0.437829,0.843321,-0.201702,-0.0202315,-0.564663,0.766458,-0.305432,0.475374,-0.481986,-0.401307,0.616978,0.147311,0.705039,-0.071338,-0.690022,0,0,0,0,0.0425511,0.60879,0.739261,-0.284705,-0.508634,0.437245,-0.32941,0.664528,0.146321,0.694375,0.0618179,0.701864,0,0,0,0,0.0120324,0.0213665,0.959845,-0.279456,0,0,0,0,0,0,0,0,0,0,0,0,0,0,0,0,
0.00970413,0.0168751,0.965477,-0.259759,0.00963507,0.0168936,0.965478,-0.259758,0.010763,0.0240594,0.954754,-0.296225,0,0,0,0,-0.0599596,-0.49303,0.792729,-0.353421,0.69565,-0.68191,0.0746371,0.213306,0.404133,-0.496744,0.590031,-0.491717,0.485922,-0.362581,0.704107,-0.369659,0.0748409,0.548928,0.763173,-0.332631,0.694446,-0.612022,-0.0232529,-0.377668,-0.407864,0.48276,0.638194,-0.439657,-0.317882,0.613735,0.564013,-0.451852,-0.0161052,-0.566039,0.765953,-0.304397,0.474874,-0.4706,-0.408415,0.621472,-0.221537,-0.6134,0.136379,0.745696,0,0,0,0,0.0412551,0.607534,0.741019,-0.283003,-0.511381,0.43968,-0.331509,0.659753,0.146745,0.69543,0.0657158,0.700375,0,0,0,0,0.0101634,0.0204878,0.960266,-0.278149,0,0,0,0,0,0,0,0,0,0,0,0,0,0,0,0,
0.0205242,0.0172081,0.961987,-0.271777,0.0195693,0.0174778,0.962007,-0.27176,0.0193257,0.0236305,0.951057,-0.307504,0,0,0,0,-0.0658997,-0.491016,0.793406,-0.353649,0.712364,-0.670477,0.123744,0.166392,0.433751,-0.521332,0.583938,-0.446194,0.47044,-0.493114,0.542698,-0.490922,0.0933567,0.527832,0.777631,-0.328584,0.683113,-0.666673,-0.165212,-0.248209,-0.0569396,0.0765739,0.723472,-0.683727,-0.020533,0.574379,0.818158,-0.0168455,-0.0180174,-0.564948,0.761204,-0.317928,0.486566,-0.469299,-0.411108,0.611557,-0.22311,-0.640949,0.134273,0.722064,0,0,0,0,0.054685,0.599947,0.745374,-0.285467,-0.514055,0.427811,-0.343223,0.659487,0.180999,0.682561,0.0681859,0.70477,0,0,0,0,0.019047,0.0210451,0.956782,-0.289419,0,0,0,0,0,0,0,0,0,0,0,0,0,0,0,0,
0.0181808,0.0163365,0.961899,-0.272312,0.0184858,0.0162502,0.961893,-0.272317,0.0195142,0.0213591,0.951535,-0.306176,0,0,0,0,-0.0638253,-0.491975,0.792446,-0.354846,0.716151,-0.644392,0.0068316,0.26803,0.448514,-0.521545,0.587796,-0.425818,0.469428,-0.51151,0.52115,-0.496385,0.092525,0.529331,0.776676,-0.328669,0.666539,-0.636972,-0.131226,-0.364378,-0.402363,0.475629,0.62101,-0.475634,-0.455712,0.331802,0.769867,-0.299232,-0.0193803,-0.56393,0.762374,-0.316849,0.499097,-0.481853,-0.401635,0.597838,0.139613,0.712546,-0.0858305,-0.682217,0,0,0,0,0.0537873,0.59902,0.74559,-0.287015,-0.52079,0.432129,-0.343032,0.651437,0.171764,0.683904,0.074006,0.705192,0,0,0,0,0.0192264,0.0188794,0.957144,-0.288355,0,0,0,0,0,0,0,0,0,0,0,0,0,0,0,0,
0.0244378,0.0132896,0.961455,-0.27355,0.0226304,0.0138038,0.9615,-0.273525,0.0213223,0.0191401,0.951418,-0.306566,0,0,0,0,-0.0604266,-0.496529,0.787632,-0.359783,0.720361,-0.651601,0.043372,0.233699,0.434188,-0.511602,0.597318,-0.439267,0.454059,-0.50285,0.527638,-0.512415,0.092143,0.529703,0.775129,-0.331813,0.695107,-0.606496,-0.0332974,-0.384552,-0.421808,0.496105,0.631988,-0.420177,-0.416723,0.505622,0.619024,-0.433009,-0.0156041,-0.566166,0.759163,-0.320756,0.498452,-0.47208,-0.408927,0.60122,0.154939,0.711122,-0.0815578,-0.680916,0,0,0,0,0.0594037,0.597015,0.747622,-0.28479,-0.52064,0.433943,-0.347561,0.647942,0.170451,0.682909,0.0749483,0.706374,0,0,0,0,0.0210549,0.0168294,0.956962,-0.288958,0,0,0,0,0,0,0,0,0,0,0,0,0,0,0,0,
0.0195912,0.0122795,0.961157,-0.275032,0.0206385,0.0119798,0.961135,-0.275045,0.0223755,0.0159854,0.951183,-0.307399,0,0,0,0,-0.0609127,-0.490339,0.792081,-0.35842,0.720655,-0.655517,0.0708526,0.214323,0.450867,-0.519221,0.584552,-0.430613,-0.458825,0.520839,-0.520694,0.497076,0.0964901,0.52634,0.778608,-0.327759,0.677565,-0.658168,-0.149758,-0.292049,-0.313748,0.316062,0.665254,-0.599253,-0.202709,0.542375,0.79425,-0.184132,-0.0195633,-0.564396,0.761296,-0.318595,0.508269,-0.47422,-0.406776,0.592715,0.154769,0.712395,-0.0926358,-0.678202,0,0,0,0,0.0584653,0.596695,0.746769,-0.287877,-0.527001,0.440229,-0.348064,0.638216,0.162469,0.682925,0.0835501,0.707274,0,0,0,0,0.0221121,0.0138541,0.956672,-0.289996,0,0,0,0,0,0,0,0,0,0,0,0,0,0,0,0,
0.0261095,0.00872941,0.960951,-0.275347,0.0247899,0.00910752,0.960986,-0.275335,0.023771,0.0129289,0.951191,-0.307415,0,0,0,0,-0.0575802,-0.485172,0.793975,-0.361796,0.720832,-0.646797,0.0376345,0.246251,0.446669,-0.51154,0.593055,-0.43255,0.456403,-0.512217,0.516002,-0.512905,0.0977246,0.5273,0.778124,-0.326999,0.684076,-0.6539,-0.14122,-0.29071,-0.251948,0.273176,0.695131,-0.615378,-0.140625,0.567141,0.802282,-0.122145,-0.0134695,-0.565818,0.758693,-0.322575,0.508281,-0.470377,-0.410305,0.593334,0.162733,0.71204,-0.0921583,-0.676774,0,0,0,0,0.0629246,0.594585,0.749021,-0.285441,-0.523896,0.43857,-0.35274,0.639346,0.170239,0.680776,0.0823915,0.707654,0,0,0,0,0.0235801,0.0111687,0.956638,-0.29011,0,0,0,0,0,0,0,0,0,0,0,0,0,0,0,0,
0.028022,0.0085,0.960539,-0.2766,0.0252633,0.00929436,0.960615,-0.276575,0.0227057,0.0136006,0.950889,-0.308399,0,0,0,0,-0.0592681,-0.490148,0.790501,-0.362423,0.72209,-0.644121,0.0271746,0.250911,0.443317,-0.511208,0.59652,-0.431625,0.452192,-0.513137,0.52177,-0.509872,0.0969081,0.530496,0.775062,-0.329335,0.689897,-0.648334,-0.137583,-0.291164,-0.158426,0.180936,0.728617,-0.641311,-0.0724916,0.617904,0.779999,-0.0673901,-0.0135499,-0.565211,0.758569,-0.323923,0.504028,-0.462661,-0.418018,0.59763,-0.223635,-0.670579,0.128449,0.695566,0,0,0,0,0.066007,0.594696,0.748911,-0.284801,-0.527225,0.444751,-0.352073,0.632673,0.240099,0.744237,0.0925869,0.616353,0,0,0,0,0.0225036,0.0118045,0.956317,-0.291224,0,0,0,0,0,0,0,0,0,0,0,0,0,0,0,0,
0.035063,0.00963862,0.960738,-0.275065,0.0300453,0.0110749,0.960908,-0.275011,0.0244995,0.0144424,0.951203,-0.307252,0,0,0,0,-0.0569769,-0.492254,0.789104,-0.36298,-0.695544,0.685417,-0.193988,-0.0937612,0.356675,-0.442335,0.613321,-0.548598,0.341834,-0.335967,0.853603,-0.204055,0.0968603,0.530803,0.775222,-0.328478,0.692474,-0.640704,-0.124135,-0.30752,-0.359604,0.467292,0.644697,-0.486507,-0.378545,0.317136,0.831481,-0.254496,-0.00994432,-0.566496,0.756795,-0.325953,0.511048,-0.471381,-0.415764,0.586319,0.15136,0.713901,-0.0891859,-0.67785,0,0,0,0,0.0700852,0.595651,0.74978,-0.279498,-0.524162,0.434739,-0.361108,0.637069,0.181787,0.678884,0.0824037,0.706598,0,0,0,0,0.0244946,0.013175,0.956679,-0.289814,0,0,0,0,0,0,0,0,0,0,0,0,0,0,0,0,
0.0371405,0.00833113,0.960535,-0.275544,0.030627,0.0101992,0.960764,-0.275481,0.0235694,0.0143025,0.951279,-0.307097,0,0,0,0,-0.0588285,-0.486962,0.793527,-0.360169,-0.69825,0.684206,-0.179562,-0.109851,0.32747,-0.407686,0.632054,-0.571894,0.291871,-0.326591,0.882017,-0.173768,0.0979421,0.528124,0.777857,-0.326237,0.69116,-0.643749,-0.133624,-0.300051,-0.338538,0.424755,0.657376,-0.522334,-0.260832,0.406588,0.857289,-0.178066,-0.00831596,-0.565534,0.757066,-0.327035,0.514722,-0.469968,-0.415935,0.584114,0.151421,0.713962,-0.0907045,-0.677571,0,0,0,0,0.073102,0.596222,0.749445,-0.278403,-0.525104,0.435012,-0.363844,0.634546,0.18017,0.679028,0.0824237,0.706871,0,0,0,0,0.0235127,0.0129114,0.956675,-0.28992,0,0,0,0,0,0,0,0,0,0,0,0,0,0,0,0,
0.0337413,0.00946349,0.960721,-0.275296,0.0283629,0.0110044,0.960895,-0.275238,0.0226198,0.0150989,0.951508,-0.30642,0,0,0,0,-0.0605805,-0.48074,0.798822,-0.356514,0.700934,-0.676196,0.0555882,0.219912,0.322115,-0.384122,0.649525,-0.571673,0.2497,-0.381046,0.88085,-0.128678,0.0986575,0.525322,0.78089,-0.323286,0.691379,-0.645209,-0.140371,-0.293251,-0.242512,0.307082,0.701713,-0.595388,-0.121623,0.526599,0.835208,-0.101636,-0.00945111,-0.562197,0.760297,-0.325258,0.513588,-0.467663,-0.419238,0.584601,0.17057,0.710536,-0.0985841,-0.675518,0,0,0,0,0.0712123,0.598964,0.746913,-0.279807,-0.528147,0.431825,-0.365978,0.632967,0.181205,0.67936,0.0810461,0.706447,0,0,0,0,0.0225316,0.0135882,0.956855,-0.289371,0,0,0,0,0,0,0,0,0,0,0,0,0,0,0,0,
0.0387857,0.00949486,0.960335,-0.275975,0.032882,0.011191,0.960555,-0.275912,0.0264872,0.0153627,0.951237,-0.306938,0,0,0,0,-0.0561004,-0.480635,0.796934,-0.361579,0.704024,-0.677408,0.0815964,0.197002,0.322879,-0.384775,0.648367,-0.572117,0.246762,-0.395124,0.873964,-0.138465,0.0998443,0.52187,0.782399,-0.324863,0.691697,-0.64299,-0.140507,-0.297284,-0.258077,0.322622,0.697589,-0.58539,-0.134877,0.524972,0.832385,-0.115529,-0.00718879,-0.561758,0.759506,-0.327914,0.514053,-0.468298,-0.421798,0.581835,0.172666,0.712,-0.100767,-0.673118,0,0,0,0,0.0758827,0.599413,0.747093,-0.277124,-0.530144,0.428742,-0.368863,0.631718,0.181855,0.677196,0.0795481,0.708524,0,0,0,0,0.0264226,0.0138406,0.95659,-0.289905,0,0,0,0,0,0,0,0,0,0,0,0,0,0,0,0,
0.0396835,0.00905105,0.960287,-0.27603,0.0334794,0.0108339,0.960523,-0.275966,0.0267868,0.0152071,0.951255,-0.306862,0,0,0,0,-0.054585,-0.477976,0.797756,-0.363518,0.659026,-0.496462,-0.268811,0.496942,0.453597,-0.490699,0.642005,-0.37589,-0.446527,0.509488,-0.463478,0.571161,0.0992542,0.521868,0.782112,-0.325735,0.663834,-0.628398,-0.173795,-0.366383,-0.393141,0.380374,0.643588,-0.535304,-0.298613,0.509474,0.777335,-0.216835,-0.00633578,-0.561231,0.759728,-0.328318,0.516497,-0.47121,-0.419555,0.578935,0.170474,0.712571,-0.105304,-0.672378,0,0,0,0,0.0769928,0.599681,0.746973,-0.27656,-0.531976,0.430377,-0.368212,0.629442,0.176902,0.677664,0.0806873,0.709201,0,0,0,0,0.0267088,0.013647,0.956591,-0.289886,0,0,0,0,0,0,0,0,0,0,0,0,0,0,0,0,
0.036189,0.0103632,0.960231,-0.276656,0.0313436,0.011759,0.960402,-0.2766,0.0262034,0.0160454,0.951032,-0.307563,0,0,0,0,-0.0564192,-0.47607,0.799545,-0.361804,0.656696,-0.491435,-0.274936,0.501649,0.45652,-0.479671,0.649695,-0.373365,-0.43101,0.513434,-0.461408,0.581135,0.0999538,0.519913,0.783597,-0.325078,0.691007,-0.641644,-0.139452,-0.302251,-0.270588,0.335301,0.693599,-0.5773,-0.15073,0.504061,0.841956,-0.119633,-0.00978498,-0.560631,0.760788,-0.326801,0.515689,-0.469648,-0.421742,0.579336,0.169013,0.712802,-0.101765,-0.673047,0,0,0,0,0.075303,0.600473,0.745801,-0.278467,-0.532021,0.431017,-0.369894,0.627978,0.178625,0.677341,0.0821834,0.708906,0,0,0,0,0.0260969,0.0143598,0.956397,-0.290546,0,0,0,0,0,0,0,0,0,0,0,0,0,0,0,0,
0.0373583,0.0144057,0.960248,-0.276262,0.0322051,0.015888,0.960435,-0.276181,0.0264392,0.0194208,0.951154,-0.306967,0,0,0,0,-0.0567628,-0.475656,0.799946,-0.361407,0.662823,-0.500768,-0.26248,0.490918,0.464763,-0.484539,0.641021,-0.371901,-0.436187,0.521456,-0.460155,0.571035,0.0992133,0.519971,0.783535,-0.325362,0.673824,-0.632883,-0.180888,-0.335708,-0.366789,0.376304,0.65183,-0.546789,-0.266627,0.506424,0.797677,-0.190146,-0.00989444,-0.558417,0.762174,-0.327357,0.513428,-0.471006,-0.425205,0.577707,0.169233,0.712582,-0.102099,-0.673173,0,0,0,0,0.0749186,0.602507,0.744652,-0.277247,-0.537387,0.43358,-0.364068,0.625042,0.172663,0.678553,0.0869502,0.708655,0,0,0,0,0.0259079,0.0162048,0.956459,-0.290262,0,0,0,0,0,0,0,0,0,0,0,0,0,0,0,0,
0.0386659,0.0146289,0.960158,-0.276384,0.0327788,0.016323,0.960377,-0.276289,0.0264143,0.020855,0.951098,-0.307051,0,0,0,0,-0.0574098,-0.475665,0.800133,-0.360879,0.65708,-0.489516,-0.277438,0.501645,0.470664,-0.481947,0.643769,-0.362993,-0.432645,0.523774,-0.442509,0.585376,0.0994261,0.521482,0.7827,-0.324887,0.686121,-0.638728,-0.165883,-0.306181,-0.298748,0.347203,0.681664,-0.570556,-0.180314,0.525402,0.821178,-0.130791,-0.0093002,-0.557923,0.76228,-0.327971,0.512828,-0.470934,-0.426176,0.577583,0.166484,0.713006,-0.0998243,-0.673751,0,0,0,0,0.0762829,0.603163,0.744291,-0.276417,-0.540737,0.439851,-0.359259,0.620538,0.162522,0.680103,0.0927535,0.708833,0,0,0,0,0.0257998,0.017297,0.956426,-0.290317,0,0,0,0,0,0,0,0,0,0,0,0,0,0,0,0,
0.0396561,0.0148441,0.960148,-0.276267,0.0336558,0.01657,0.960377,-0.276169,0.0271758,0.0212212,0.951125,-0.306875,0,0,0,0,-0.0569871,-0.474684,0.800785,-0.360791,0.652374,-0.481778,-0.289583,0.50837,0.452932,-0.47498,0.656008,-0.372692,-0.42015,0.512314,-0.451787,0.597408,0.100604,0.523412,0.781933,-0.323263,0.680978,-0.630892,-0.156458,-0.33729,-0.402427,0.454536,0.629613,-0.484806,-0.358674,0.423933,0.796796,-0.238223,-0.00834042,-0.557162,0.762642,-0.328447,0.508448,-0.465601,-0.431581,0.581752,0.16908,0.713164,-0.0905044,-0.674254,0,0,0,0,0.0769898,0.60392,0.743838,-0.275786,-0.535438,0.428299,-0.369056,0.627426,0.182568,0.676403,0.0835568,0.708637,0,0,0,0,0.0266008,0.0177582,0.956443,-0.29016,0,0,0,0,0,0,0,0,0,0,0,0,0,0,0,0,
0.0349544,0.0176575,0.960344,-0.276052,0.0311928,0.0187385,0.960474,-0.275981,0.0270878,0.0225705,0.951341,-0.306116,0,0,0,0,-0.0570341,-0.473866,0.801422,-0.360445,0.664634,-0.497234,-0.266417,0.489941,0.461777,-0.485699,0.642352,-0.371809,-0.437838,0.516851,-0.454672,0.578304,0.100085,0.523765,0.781812,-0.323145,0.675781,-0.630769,-0.179861,-0.336303,-0.367331,0.389568,0.652058,-0.536772,-0.270413,0.493064,0.800703,-0.206491,-0.011977,-0.55564,0.76473,-0.326051,0.508636,-0.466342,-0.432422,0.580366,0.168224,0.713111,-0.0912921,-0.674417,0,0,0,0,0.0727407,0.605761,0.74186,-0.278219,-0.544125,0.437822,-0.358727,0.619318,0.227779,0.675941,0.11989,0.690542,0,0,0,0,0.0264503,0.0188622,0.956545,-0.289768,0,0,0,0,0,0,0,0,0,0,0,0,0,0,0,0,
0.0353537,0.0189549,0.960387,-0.275768,0.0313782,0.0200961,0.960525,-0.275688,0.0272362,0.0248122,0.951708,-0.304786,0,0,0,0,-0.055538,-0.475161,0.800141,-0.361819,0.670628,-0.503834,-0.257486,0.479698,0.456134,-0.500142,0.633325,-0.375099,-0.469948,0.500448,-0.464354,0.559532,0.0973468,0.523065,0.781664,-0.325466,0.694823,-0.644051,-0.173323,-0.269032,-0.339312,0.433009,0.654014,-0.519266,-0.241746,0.432319,0.857751,-0.137557,-0.0117842,-0.555076,0.765063,-0.326235,0.508237,-0.467562,-0.432892,0.579384,0.161933,0.713693,-0.0887013,-0.675686,0,0,0,0,0.0724394,0.606299,0.741631,-0.277736,-0.5394,0.429814,-0.366126,0.624707,0.18538,0.676808,0.0896289,0.706775,0,0,0,0,0.0266076,0.0210177,0.956839,-0.288634,0,0,0,0,0,0,0,0,0,0,0,0,0,0,0,0,
0.0372166,0.0180765,0.960448,-0.27537,0.0319325,0.0195911,0.960638,-0.275266,0.0263214,0.0245444,0.951835,-0.304492,0,0,0,0,-0.0567168,-0.475967,0.800507,-0.359761,0.676579,-0.511801,-0.245645,0.468998,0.429893,-0.492344,0.644824,-0.396221,-0.463464,0.476927,-0.482283,0.570215,0.0970788,0.522973,0.782115,-0.324609,0.678199,-0.633772,-0.215018,-0.303555,-0.402196,0.459554,0.617985,-0.495118,-0.375452,0.403231,0.795615,-0.25187,-0.0102752,-0.556035,0.764127,-0.326847,0.508605,-0.468646,-0.431285,0.579383,0.1663,0.712686,-0.0932934,-0.675069,0,0,0,0,0.0733479,0.60495,0.743092,-0.276534,-0.53539,0.427183,-0.369496,0.627969,0.168337,0.67934,0.0752106,0.710284,0,0,0,0,0.0258369,0.0212279,0.957012,-0.288115,0,0,0,0,0,0,0,0,0,0,0,0,0,0,0,0,
0.0377103,0.0201049,0.960818,-0.273864,0.0316512,0.0218313,0.961037,-0.273732,0.0252573,0.0274359,0.952416,-0.302513,0,0,0,0,-0.0533334,-0.484477,0.793071,-0.365343,0.706363,-0.67258,0.191817,0.109055,0.363014,-0.420989,0.621913,-0.551554,0.311128,-0.395516,0.842855,-0.190689,0.089924,0.532068,0.773905,-0.331494,0.6779,-0.63482,-0.227498,-0.292745,-0.432121,0.488226,0.593716,-0.471601,-0.402917,0.417432,0.786639,-0.211205,-0.00896088,-0.554962,0.765066,-0.326513,0.507546,-0.479172,-0.423664,0.577321,0.16984,0.710868,-0.108707,-0.673798,0,0,0,0,0.0720334,0.606801,0.742176,-0.275278,-0.533073,0.429536,-0.365625,0.630595,0.176193,0.679691,0.0798607,0.70753,0,0,0,0,0.0249298,0.0244928,0.957547,-0.286152,0,0,0,0,0,0,0,0,0,0,0,0,0,0,0,0,
0.0357877,0.0197014,0.960191,-0.27634,0.030877,0.0211143,0.960362,-0.276236,0.0257907,0.0264089,0.951978,-0.303935,0,0,0,0,-0.0538425,-0.486274,0.791235,-0.366861,0.721734,-0.659181,0.162376,0.134963,0.457963,-0.509097,0.577852,-0.444047,0.472973,-0.496614,0.559983,-0.464854,0.0916101,0.533322,0.772553,-0.33217,0.685005,-0.626201,-0.204767,-0.310985,-0.442368,0.490891,0.599329,-0.45182,-0.426168,0.430749,0.75435,-0.252574,-0.0117417,-0.554397,0.765195,-0.327082,0.498343,-0.466253,-0.433241,0.588697,0.176889,0.709959,-0.0879329,-0.675971,0,0,0,0,0.0726536,0.605851,0.741912,-0.277906,-0.531016,0.432121,-0.36424,0.631366,0.172826,0.679807,0.0800591,0.708226,0,0,0,0,0.0255296,0.0237755,0.957012,-0.287942,0,0,0,0,0,0,0,0,0,0,0,0,0,0,0,0,
0.0370025,0.0191689,0.962805,-0.266964,0.0256742,0.0223079,0.963174,-0.26672,0.0134288,0.0282014,0.955781,-0.292417,0,0,0,0,-0.056041,-0.497157,0.788955,-0.356713,0.71534,-0.663883,0.0801202,0.202799,0.443023,-0.507433,0.584189,-0.452731,0.478718,-0.469892,0.586336,-0.454137,0.0733624,0.553977,0.759305,-0.333441,0.691376,-0.645007,-0.228808,-0.231543,-0.376639,0.471769,0.625239,-0.494624,-0.332723,0.390282,0.835546,-0.197076,-0.00323056,-0.556477,0.765817,-0.322255,0.495402,-0.473816,-0.421424,0.593698,0.162013,0.705784,-0.0869882,-0.684145,0,0,0,0,0.0668219,0.610171,0.741256,-0.271598,-0.522974,0.438222,-0.361026,0.635704,0.174928,0.68758,0.080157,0.700149,0,0,0,0,0.0134041,0.0264488,0.960501,-0.276694,0,0,0,0,0,0,0,0,0,0,0,0,0,0,0,0,
0.00275825,0.0315665,0.963839,-0.264595,0.0106893,0.0293882,0.963783,-0.264846,0.0188624,0.0293954,0.95481,-0.295159,0,0,0,0,-0.0542788,-0.50541,0.782938,-0.358641,0.711188,-0.668384,0.0790282,0.203051,0.436913,-0.51035,0.583146,-0.456719,0.480069,-0.461912,0.598421,-0.445044,0.0794789,0.558719,0.756707,-0.330018,-0.665463,0.635876,0.337517,0.197238,-0.392141,0.482909,0.58651,-0.518681,-0.397288,0.37802,0.787724,-0.280632,-0.0352811,-0.546923,0.781733,-0.29753,0.473538,-0.497268,-0.409791,0.600464,0.145229,0.710857,-0.0860175,-0.682782,0,0,0,0,0.0495032,0.622521,0.728216,-0.282345,-0.511302,0.444967,-0.347168,0.648112,0.170395,0.68545,0.0801041,0.703354,0,0,0,0,0.0190295,0.0280131,0.959895,-0.278307,0,0,0,0,0,0,0,0,0,0,0,0,0,0,0,0,
-0.000718921,0.0311238,0.964714,-0.261452,0.0106475,0.0280412,0.964656,-0.2618,0.0225269,0.0270472,0.95557,-0.292656,0,0,0,0,-0.0472581,-0.500992,0.784408,-0.362597,0.707627,-0.671688,0.0798992,0.204243,0.425704,-0.505012,0.587412,-0.467639,0.466649,-0.457488,0.608274,-0.450496,0.0801453,0.562703,0.755203,-0.326513,0.67581,-0.641817,-0.253551,-0.258967,-0.43202,0.485529,0.581059,-0.489889,-0.38357,0.445818,0.78204,-0.206235,-0.0361821,-0.555479,0.776705,-0.294725,0.464634,-0.503646,-0.406164,0.604555,0.144108,0.713194,-0.0849154,-0.680718,0,0,0,0,0.0442924,0.624413,0.72668,-0.282988,-0.499681,0.450686,-0.339494,0.657225,0.164859,0.684143,0.0776773,0.706212,0,0,0,0,0.0226857,0.0256584,0.960683,-0.275527,0,0,0,0,0,0,0,0,0,0,0,0,0,0,0,0,
0.0114425,0.0285873,0.964458,-0.262435,0.0193979,0.0264215,0.964331,-0.262662,0.0275811,0.0265049,0.954971,-0.294224,0,0,0,0,-0.0470726,-0.504021,0.783224,-0.36098,0.704217,-0.67707,0.103977,0.186665,0.443608,-0.518155,0.569117,-0.459166,0.474069,-0.478728,0.600767,-0.430298,0.0873896,0.55416,0.762473,-0.322343,0.702111,-0.624587,-0.178356,-0.291754,-0.432579,0.497523,0.613204,-0.435118,-0.406419,0.532305,0.584666,-0.457865,-0.0297631,-0.561674,0.769834,-0.301649,0.445702,-0.514944,-0.396469,0.615625,0.133421,0.716451,-0.0749497,-0.680646,0,0,0,0,0.0538327,0.622855,0.729674,-0.277,-0.484685,0.469456,-0.323546,0.663332,0.153967,0.683448,0.0871932,0.70823,0,0,0,0,0.0277735,0.0251402,0.960177,-0.276869,0,0,0,0,0,0,0,0,0,0,0,0,0,0,0,0,
0.00237313,0.0294992,0.966408,-0.255302,0.0150204,0.0261555,0.966294,-0.255666,0.02823,0.0244915,0.957975,-0.284406,0,0,0,0,-0.0378338,-0.514296,0.776877,-0.361289,0.704054,-0.67608,0.121333,0.180282,0.4286,-0.511533,0.580477,-0.466565,0.469072,-0.470128,0.58414,-0.466618,0.0784518,0.558704,0.760119,-0.322356,0.682148,-0.652238,-0.184282,-0.274407,-0.438032,0.526461,0.57966,-0.441545,-0.442205,0.414495,0.763314,-0.223607,-0.0301248,-0.562545,0.77257,-0.292866,0.440428,-0.517742,-0.392878,0.619366,0.125913,0.716256,-0.0691486,-0.682892,0,0,0,0,0.0420286,0.625472,0.727957,-0.277664,-0.482229,0.46508,-0.321548,0.66915,0.148335,0.686003,0.0780333,0.708031,0,0,0,0,0.0284103,0.023274,0.962705,-0.26805,0,0,0,0,0,0,0,0,0,0,0,0,0,0,0,0,
0.0184654,0.0226935,0.964512,-0.262413,0.0222275,0.0216698,0.964433,-0.2625,0.0261369,0.0232635,0.95549,-0.292942,0,0,0,0,-0.0445578,-0.511683,0.776787,-0.364414,0.715989,-0.620255,-0.0185078,0.319843,0.4369,-0.499556,0.614111,-0.427119,-0.437325,0.51639,-0.493556,0.546343,0.0824651,0.555547,0.759624,-0.32793,0.669782,-0.662551,-0.226699,-0.247034,-0.396157,0.501625,0.59167,-0.491282,-0.43411,0.314722,0.814947,-0.21991,-0.0249511,-0.572734,0.760085,-0.305981,0.41971,-0.521191,-0.37482,0.641649,-0.194369,-0.662547,0.12127,0.713124,0,0,0,0,0.056238,0.615428,0.736501,-0.27505,-0.451901,0.478233,-0.313072,0.684883,0.140022,0.686595,0.0691583,0.710069,0,0,0,0,0.0262001,0.0217382,0.960488,-0.27623,0,0,0,0,0,0,0,0,0,0,0,0,0,0,0,0,
0.0225857,0.0184917,0.964586,-0.262148,0.0227643,0.0184432,0.964582,-0.262152,0.0228184,0.0207755,0.955425,-0.293615,0,0,0,0,-0.0454241,-0.510967,0.776924,-0.365019,-0.679142,0.667497,-0.300914,-0.0516252,0.444405,-0.537512,0.543226,-0.467429,0.455017,-0.529193,0.531546,-0.479971,0.0801066,0.566372,0.751782,-0.32807,-0.659485,0.658385,0.288509,0.219933,-0.477832,0.570462,0.513047,-0.427822,-0.467418,0.343389,0.770521,-0.264388,-0.016621,-0.572753,0.758593,-0.310186,0.414477,-0.527373,-0.36012,0.648383,0.116309,0.714643,-0.0588747,-0.687235,0,0,0,0,0.0559998,0.61234,0.739035,-0.275192,-0.437563,0.488163,-0.302876,0.691738,0.133601,0.68929,0.0693281,0.708677,0,0,0,0,0.022859,0.0193076,0.960648,-0.276151,0,0,0,0,0,0,0,0,0,0,0,0,0,0,0,0,
0.0316173,0.0188243,0.965776,-0.256755,0.0262074,0.0202621,0.965938,-0.256646,0.020548,0.0254124,0.957281,-0.287307,0,0,0,0,-0.0500455,-0.519131,0.777833,-0.350677,0.692928,-0.682324,0.156322,0.172767,-0.167396,0.104691,-0.694812,0.691559,0.0686633,-0.681612,0.718574,-0.119759,0.0785666,0.566304,0.755347,-0.320278,0.66262,-0.657357,-0.200129,-0.297936,-0.427641,0.507321,0.577352,-0.475828,-0.449931,0.393039,0.754223,-0.272451,-0.00351291,-0.572952,0.757124,-0.31381,0.399624,-0.537324,-0.346346,0.656984,0.110425,0.715751,-0.0575676,-0.687163,0,0,0,0,0.054753,0.613537,0.740455,-0.268887,-0.424757,0.497679,-0.286526,0.699857,0.118245,0.691179,0.0690092,0.709596,0,0,0,0,0.0205271,0.0235206,0.962333,-0.270076,0,0,0,0,0,0,0,0,0,0,0,0,0,0,0,0,
0.0210075,0.0222925,0.965763,-0.257613,0.0219699,0.0220358,0.965741,-0.257635,0.0229539,0.0249798,0.956625,-0.28934,0,0,0,0,-0.0414122,-0.542325,0.756026,-0.364133,0.710444,-0.626681,-0.0154114,0.319848,0.442562,-0.495214,0.607958,-0.435073,0.437375,-0.510299,0.540503,-0.506118,0.0718588,0.58473,0.737296,-0.330638,-0.668219,0.649652,0.306403,0.193785,-0.400976,0.500584,0.581147,-0.5009,-0.429276,0.391567,0.74935,-0.317603,-0.0120648,-0.571307,0.760265,-0.308966,0.392351,-0.543591,-0.341087,0.658961,0.105404,0.716412,-0.0566722,-0.687337,0,0,0,0,0.0479762,0.615837,0.736855,-0.274751,-0.422738,0.507189,-0.275591,0.698642,0.092476,0.694248,0.0692999,0.710398,0,0,0,0,0.0229982,0.0232647,0.961796,-0.271806,0,0,0,0,0,0,0,0,0,0,0,0,0,0,0,0,
0.0375074,0.0150523,0.967863,-0.24821,0.0311114,0.016692,0.968089,-0.248105,0.0241462,0.0208214,0.959818,-0.278805,0,0,0,0,-0.0460086,-0.523533,0.779879,-0.339977,0.677313,-0.577054,-0.138849,0.434715,0.392328,-0.513414,0.629757,-0.431152,-0.441649,0.489396,-0.47459,0.583268,0.0813075,0.56068,0.764701,-0.307015,0.665943,-0.677876,-0.127365,-0.284222,-0.138984,0.139732,0.710183,-0.675869,-0.0591786,0.68054,0.724935,-0.0884952,0.0122497,-0.578727,0.752045,-0.315205,0.371152,-0.553001,-0.308028,0.679378,0.0988718,0.720635,-0.0572346,-0.683837,0,0,0,0,0.0465788,0.611276,0.744441,-0.264537,-0.376012,0.505339,-0.262042,0.73115,0.131748,0.68595,0.0611538,0.713004,0,0,0,0,0.0242296,0.0194344,0.964728,-0.261412,0,0,0,0,0,0,0,0,0,0,0,0,0,0,0,0,
0.0338065,0.0165155,0.968127,-0.247616,0.0276399,0.0180922,0.968323,-0.247506,0.0209849,0.0224953,0.959518,-0.279962,0,0,0,0,-0.0504533,-0.539102,0.770596,-0.336163,0.698077,-0.632395,-0.0288925,0.334559,0.40621,-0.53556,0.603664,-0.42867,-0.479629,0.489115,-0.499112,0.530669,0.0787449,0.568051,0.758598,-0.309266,0.662356,-0.657838,-0.203692,-0.295033,-0.423077,0.496217,0.580411,-0.487749,-0.396232,0.50643,0.654384,-0.397881,0.0118497,-0.576191,0.754581,-0.313801,0.357538,-0.563101,-0.296379,0.683552,0.0891896,0.718454,-0.0559588,-0.68756,0,0,0,0,0.0437007,0.615889,0.740102,-0.266497,-0.36314,0.506421,-0.250437,0.740911,0.122438,0.690164,0.0544368,0.711139,0,0,0,0,0.0210536,0.0209633,0.964634,-0.261913,0,0,0,0,0,0,0,0,0,0,0,0,0,0,0,0,
0.0251468,0.0186932,0.969795,-0.241902,0.0232705,0.0191612,0.969842,-0.241865,0.0212004,0.0225258,0.961318,-0.273699,0,0,0,0,-0.0466357,-0.538156,0.773121,-0.332411,0.694217,-0.662173,0.034149,0.280042,0.386409,-0.530345,0.602271,-0.454634,0.454682,-0.482225,0.542494,-0.516162,0.0757175,0.571028,0.758755,-0.304113,0.667254,-0.684108,-0.159664,-0.247541,-0.359617,0.501784,0.601582,-0.506939,-0.407301,0.314875,0.816941,-0.259936,0.00842391,-0.580459,0.754552,-0.306021,0.349181,-0.571533,-0.285571,0.685472,0.0893341,0.719357,-0.0626235,-0.68602,0,0,0,0,0.0327348,0.616822,0.739547,-0.267452,-0.343919,0.512131,-0.236191,0.75077,0.118078,0.690052,0.0526899,0.712116,0,0,0,0,0.0212534,0.0209246,0.966267,-0.255808,0,0,0,0,0,0,0,0,0,0,0,0,0,0,0,0,
0.00986136,0.0230046,0.971522,-0.235622,0.0116777,0.022564,0.971502,-0.235665,0.0135912,0.0253927,0.963091,-0.26763,0,0,0,0,-0.0437664,-0.554487,0.76225,-0.331064,0.693437,-0.679839,0.102919,0.215342,0.408276,-0.511432,0.586731,-0.476964,0.395547,-0.52656,0.574126,-0.486473,0.0599478,0.598888,0.736658,-0.308341,0.667733,-0.674973,-0.110902,-0.293675,-0.321608,0.455823,0.631938,-0.538003,-0.31851,0.25628,0.898024,-0.162559,-3.39347e-005,-0.578859,0.761064,-0.292754,0.333457,-0.580216,-0.2741,0.69067,0.0794478,0.716352,-0.0581151,-0.690761,0,0,0,0,0.0209863,0.624446,0.732733,-0.269685,-0.324714,0.525789,-0.216486,0.755805,0.0830385,0.697998,0.0460671,0.709776,0,0,0,0,0.0136087,0.0235949,0.967969,-0.249587,0,0,0,0,0,0,0,0,0,0,0,0,0,0,0,0,
0.0103185,0.022526,0.972628,-0.231045,0.0194465,0.0203566,0.972488,-0.231246,0.0288472,0.020734,0.96389,-0.263921,0,0,0,0,-0.0420014,-0.561938,0.762322,-0.318319,0.700615,-0.605629,-0.0565214,0.373039,0.391615,-0.514603,0.629759,-0.430379,-0.419936,0.507755,-0.47382,0.584237,0.0817533,0.575356,0.762198,-0.285196,0.658863,-0.686225,-0.100992,-0.291196,-0.274131,0.42425,0.642107,-0.576683,-0.273903,0.198017,0.927486,-0.159799,0.00186889,-0.587399,0.755263,-0.290753,0.31741,-0.587938,-0.26236,0.696238,0.0759789,0.724997,-0.0548069,-0.68235,0,0,0,0,0.0161545,0.622038,0.735818,-0.267168,-0.307043,0.522716,-0.205992,0.768154,0.075667,0.689605,0.0370604,0.719267,0,0,0,0,0.0289669,0.0192642,0.968738,-0.245637,0,0,0,0,0,0,0,0,0,0,0,0,0,0,0,0,
0.00404536,0.020732,0.97458,-0.22304,0.00785804,0.0198593,0.974557,-0.223119,0.0120659,0.0229498,0.965982,-0.257305,0,0,0,0,-0.051361,-0.53739,0.784703,-0.304656,0.664695,-0.598452,-0.112853,0.432782,0.394157,-0.506031,0.62328,-0.44732,0.400556,-0.51523,0.524562,-0.546743,0.0677764,0.585244,0.756614,-0.283604,-0.652799,0.704735,0.246704,0.127822,-0.488216,0.625705,0.468636,-0.387967,-0.348414,0.486008,0.776554,-0.198414,0.0053217,-0.596265,0.750535,-0.284847,0.298498,-0.592251,-0.234236,0.710824,0.057904,0.719909,-0.0496005,-0.689868,0,0,0,0,0.00141482,0.617074,0.739893,-0.267908,-0.270197,0.525979,-0.180536,0.785968,0.0685954,0.697159,0.0296643,0.713011,0,0,0,0,0.0120075,0.0209551,0.97079,-0.238711,0,0,0,0,0,0,0,0,0,0,0,0,0,0,0,0,
0.00198073,0.0188286,0.976342,-0.215403,0.00898041,0.0172838,0.976302,-0.215533,0.0162794,0.0180094,0.968822,-0.246564,0,0,0,0,-0.0378397,-0.550125,0.776213,-0.305653,0.633842,-0.498213,-0.242489,0.539655,0.396767,-0.511121,0.650907,-0.397055,-0.408605,0.52055,-0.451746,0.598327,0.0607104,0.584333,0.758729,-0.281426,0.642139,-0.67671,-0.144534,-0.329896,-0.43707,0.504337,0.559116,-0.491937,-0.41015,0.47128,0.725828,-0.287831,0.0117721,-0.597765,0.751143,-0.279863,0.28726,-0.591048,-0.220175,0.720879,0.0594624,0.720936,-0.0499175,-0.688639,0,0,0,0,-0.00533616,0.61989,0.738514,-0.265151,-0.255063,0.525776,-0.171693,0.79311,0.0697347,0.695846,0.0272458,0.714278,0,0,0,0,0.0163259,0.0166911,0.97315,-0.228983,0,0,0,0,0,0,0,0,0,0,0,0,0,0,0,0,
0.00229739,0.0172191,0.97836,-0.20618,0.00624411,0.0163872,0.978343,-0.206248,0.0104509,0.01797,0.972497,-0.231985,0,0,0,0,-0.0238129,-0.5717,0.760291,-0.307489,0.693078,-0.679318,0.127395,0.204795,0.337289,-0.518209,0.625096,-0.476394,-0.437729,0.453359,-0.537444,0.560368,0.0365742,0.612853,0.735241,-0.287218,0.64356,-0.673736,-0.155287,-0.328324,0.265472,-0.180762,-0.681791,0.657276,-0.145189,0.657698,0.721051,-0.162603,0.0192355,-0.601225,0.750174,-0.274586,0.280819,-0.596026,-0.215692,0.720673,0.063529,0.718306,-0.0545482,-0.69067,0,0,0,0,-0.0115793,0.621722,0.738853,-0.259663,-0.236411,0.529185,-0.159893,0.799067,0.0700175,0.69825,0.0263954,0.711933,0,0,0,0,0.0105009,0.0168728,0.976115,-0.216344,0,0,0,0,0,0,0,0,0,0,0,0,0,0,0,0,
0.00632903,0.0149684,0.979404,-0.201256,0.00762471,0.0147021,0.979395,-0.201276,0.00878401,0.0155132,0.973445,-0.228224,0,0,0,0,-0.0171421,-0.582576,0.752043,-0.307803,-0.68796,0.683064,-0.207384,-0.130872,0.389561,-0.515617,0.592948,-0.48041,0.38775,-0.520102,0.580588,-0.491997,0.0276281,0.626193,0.724138,-0.287652,-0.650112,0.660353,0.315983,0.203573,-0.517462,0.577038,0.447052,-0.446549,-0.346949,0.483719,0.755882,-0.272552,0.0259584,-0.602785,0.749152,-0.273399,0.277938,-0.605782,-0.207655,0.716001,0.0464307,0.71901,-0.0541917,-0.691327,0,0,0,0,-0.0113546,0.623003,0.739566,-0.25452,-0.225654,0.542913,-0.149485,0.794972,0.0403507,0.700947,0.0180598,0.711842,0,0,0,0,0.00888225,0.0146942,0.977288,-0.211217,0,0,0,0,0,0,0,0,0,0,0,0,0,0,0,0,
0.00599829,0.0143881,0.981902,-0.188748,0.0100705,0.0136052,0.981869,-0.188806,0.014303,0.0148994,0.97591,-0.217193,0,0,0,0,-0.0338632,-0.567808,0.778549,-0.265159,-0.674908,0.698142,-0.166876,-0.171024,-0.0888438,0.0786244,-0.690638,0.713403,0.00318572,-0.674364,0.731196,-0.102839,0.0535952,0.584601,0.770948,-0.246997,-0.656577,0.701793,0.215734,0.172781,-0.462331,0.590543,0.50186,-0.430867,-0.345435,0.425627,0.788185,-0.279789,0.035643,-0.604613,0.749995,-0.265856,0.265797,-0.607615,-0.192435,0.723273,0.0439577,0.722155,-0.0547096,-0.688162,0,0,0,0,-0.0198711,0.628718,0.736958,-0.247409,-0.206894,0.589409,-0.122361,0.771245,0.0405312,0.697244,0.00911081,0.715629,0,0,0,0,0.0142975,0.0135061,0.979667,-0.199662,0,0,0,0,0,0,0,0,0,0,0,0,0,0,0,0,
0.00582717,0.0100627,0.983533,-0.180352,0.003283,0.0105292,0.983545,-0.180325,0.000998497,0.0148085,0.977086,-0.212328,0,0,0,0,-0.0422309,-0.555118,0.791332,-0.252696,-0.66558,0.706308,-0.159448,-0.180858,-0.0904965,0.0822856,-0.684016,0.71914,0.0196148,-0.639486,0.763727,-0.0859903,0.0429369,0.599031,0.761206,-0.244711,-0.619198,0.724988,0.288765,0.0871841,-0.499424,0.68259,0.407013,-0.344944,-0.405609,0.139744,0.887149,-0.170057,0.0409057,-0.612394,0.745463,-0.259972,0.250367,-0.610287,-0.173433,0.731291,0.0403869,0.716306,-0.0568006,-0.694297,0,0,0,0,-0.0250655,0.626973,0.739908,-0.242513,-0.188134,0.626751,-0.102553,0.74918,0.0460115,0.703208,0.0141414,0.709353,0,0,0,0,0.000838638,0.0129103,0.980919,-0.193988,0,0,0,0,0,0,0,0,0,0,0,0,0,0,0,0,
0.0028381,0.00808867,0.985126,-0.171617,0.0069447,0.00737319,0.985106,-0.171649,0.0114737,0.00937409,0.979462,-0.201082,0,0,0,0,-0.0296558,-0.558287,0.790969,-0.248603,0.684544,-0.647002,0.000673067,0.335839,0.39634,-0.529237,0.601699,-0.448087,0.410883,-0.529234,0.532537,-0.517196,0.0468326,0.576807,0.78166,-0.232613,-0.656547,0.700132,0.167825,0.224937,-0.439401,0.571977,0.528133,-0.448156,-0.432247,0.413023,0.730464,-0.330147,0.0465565,-0.612047,0.74797,-0.252531,0.235984,-0.613222,-0.15864,0.736956,0.0366501,0.721179,-0.0558882,-0.689517,0,0,0,0,-0.0312028,0.632111,0.736453,-0.238954,-0.177927,0.647099,-0.0895131,0.73593,0.0491782,0.698171,0.0124611,0.714132,0,0,0,0,0.011405,0.008129,0.982778,-0.18426,0,0,0,0,0,0,0,0,0,0,0,0,0,0,0,0,
0.0024863,0.00776626,0.986098,-0.165967,0.00616355,0.0071473,0.986081,-0.165995,0.0103475,0.0097378,0.981763,-0.189575,0,0,0,0,-0.0148705,-0.579166,0.774416,-0.254214,0.688528,-0.678946,0.102876,0.233193,0.406076,-0.484396,0.590722,-0.501509,0.332252,-0.563578,0.606936,-0.451239,0.0292349,0.59331,0.767786,-0.240069,-0.652757,0.703787,0.22712,0.164343,-0.470967,0.608576,0.488861,-0.410902,-0.399094,0.263135,0.833931,-0.275759,0.0511659,-0.612332,0.748569,-0.249152,0.225259,-0.616245,-0.148723,0.739853,0.0300927,0.720279,-0.0531335,-0.690992,0,0,0,0,-0.0354674,0.634071,0.73552,-0.236023,-0.182267,0.657801,-0.0727511,0.727175,0.0442697,0.699269,-0.00434555,0.713473,0,0,0,0,0.0102728,0.0085076,0.984497,-0.174894,0,0,0,0,0,0,0,0,0,0,0,0,0,0,0,0,
0.00334825,0.00783566,0.986936,-0.160887,0.00857216,0.00698396,0.986905,-0.160926,0.0142726,0.0089871,0.982236,-0.186891,0,0,0,0,-0.00327839,-0.595568,0.760444,-0.258868,-0.683332,0.688324,-0.210303,-0.122637,0.393032,-0.493843,0.581216,-0.513647,0.34269,-0.535086,0.636882,-0.436609,0.0233291,0.595807,0.765262,-0.242577,-0.66028,0.696082,0.214046,0.183534,-0.476904,0.602098,0.495718,-0.405346,-0.395085,0.310119,0.822955,-0.26548,0.0562731,-0.611748,0.749438,-0.246861,0.220485,-0.624369,-0.140068,0.736159,0.0311928,0.722045,-0.0614762,-0.688403,0,0,0,0,-0.0386475,0.636505,0.734271,-0.23284,-0.180211,0.678788,-0.0663182,0.708782,0.0311011,0.69742,-0.00841203,0.715938,0,0,0,0,0.0142332,0.00780767,0.98528,-0.170176,0,0,0,0,0,0,0,0,0,0,0,0,0,0,0,0,
-0.00322057,0.0152814,0.995364,-0.0949075,0.0017147,0.0148106,0.995367,-0.0949821,0.0055085,0.0119881,0.985844,-0.167144,0,0,0,0,0.00399796,-0.599027,0.76392,-0.239954,-0.67366,0.668676,-0.297975,-0.101318,0.417582,-0.497034,0.551132,-0.524248,0.356738,-0.556283,0.590096,-0.463761,0.00206064,0.625536,0.745902,-0.228759,-0.68099,0.67244,0.233721,0.171616,0.0318536,-0.000232467,-0.700131,0.713303,0.249348,0.616391,0.673009,-0.323956,0.0965607,-0.61081,0.759526,-0.20176,0.156391,-0.67683,-0.0680076,0.716113,0.0515333,0.715368,-0.0733963,-0.692969,0,0,0,0,-0.0855786,0.664811,0.716143,-0.194531,-0.0862452,0.701855,0.0085466,0.707028,0.0371562,0.702168,-0.0114957,0.710949,0,0,0,0,0.00569686,0.0117633,0.988739,-0.149076,0,0,0,0,0,0,0,0,0,0,0,0,0,0,0,0,
-2.83018e-005,0.00696129,0.995184,-0.0977804,0.00470091,0.00649655,0.995173,-0.0978123,0.00950938,0.00834822,0.987476,-0.157263,0,0,0,0,0.0190058,-0.628602,0.742338,-0.231156,-0.686896,0.666524,-0.264994,-0.117037,0.396457,-0.515955,0.594948,-0.471858,-0.411177,0.517346,-0.513271,0.547576,-0.00660839,0.6447,0.733227,-0.216092,-0.679785,0.67134,0.248851,0.158962,0.0885641,-0.0606692,-0.690466,0.715354,-0.0244877,0.658993,0.748122,-0.0737688,0.0910067,-0.627427,0.746578,-0.201678,0.119599,-0.698489,-0.0399318,0.704425,0.0311012,0.717857,-0.0658809,-0.692369,0,0,0,0,-0.0775362,0.651496,0.730104,-0.191024,-0.0568836,0.703949,-0.00114298,0.707968,0.0365307,0.664287,0.0121448,0.746485,0,0,0,0,0.00940602,0.00654815,0.990694,-0.135627,0,0,0,0,0,0,0,0,0,0,0,0,0,0,0,0,
0.00223613,0.00484408,0.99505,-0.0992315,0.00644206,0.0044246,0.995032,-0.099251,0.0109377,0.00717523,0.988257,-0.15224,0,0,0,0,0.0280105,-0.642003,0.730807,-0.230149,-0.687949,0.666394,-0.26198,-0.118371,0.406446,-0.529284,0.590586,-0.453727,-0.432172,0.521115,-0.504191,0.536151,-0.013843,0.662044,0.718842,-0.211597,-0.679983,0.668559,0.257925,0.155327,0.0749287,-0.0454618,-0.691038,0.717485,-0.00744876,0.63251,0.770002,-0.0835049,0.0941783,-0.622458,0.749798,-0.203667,0.116243,-0.70008,-0.035423,0.703649,0.0366311,0.717321,-0.0744181,-0.691788,0,0,0,0,-0.0742178,0.656428,0.725668,-0.192353,-0.0527514,0.702974,-0.00050991,0.709257,0.0178034,0.700216,0.0122156,0.713604,0,0,0,0,0.0107526,0.00493305,0.991474,-0.12977,0,0,0,0,0,0,0,0,0,0,0,0,0,0,0,0,
0.00127999,0.0026982,0.995109,-0.0987397,0.00587258,0.00224247,0.995092,-0.0987511,0.0108703,0.00493264,0.989125,-0.14659,0,0,0,0,0.0336223,-0.653414,0.721512,-0.226581,-0.681504,0.667999,-0.282601,-0.0972928,0.387774,-0.520012,0.59785,-0.47095,0.431758,-0.493493,0.523521,-0.544037,-0.0197505,0.677777,0.70546,-0.206287,-0.68197,0.666537,0.255602,0.159101,0.697231,-0.713188,-0.0310896,0.0653041,-0.0445502,0.621012,0.782252,-0.0209933,0.0944896,-0.623722,0.748991,-0.202619,0.114021,-0.699309,-0.0320613,0.704939,0.0404424,0.71678,-0.0736575,-0.692218,0,0,0,0,-0.0747509,0.656465,0.725343,-0.193244,-0.0471707,0.704324,0.00139857,0.708309,0.0102507,0.700645,0.0161621,0.713253,0,0,0,0,0.0106638,0.0028114,0.992128,-0.124738,0,0,0,0,0,0,0,0,0,0,0,0,0,0,0,0,
0.00318672,0.00155862,0.995182,-0.0979831,0.00845521,0.00103987,0.995151,-0.09799,0.0139506,0.00160356,0.990096,-0.139687,0,0,0,0,0.0422525,-0.666516,0.708988,-0.22651,-0.685654,0.660846,-0.294897,-0.0787161,0.425793,-0.483492,0.554851,-0.52638,0.345015,-0.568917,0.613432,-0.42544,-0.023181,0.678413,0.705313,-0.204333,-0.680447,0.666041,0.259403,0.161525,0.696579,-0.714556,-0.0265836,0.0589922,-0.0388759,0.607676,0.792978,-0.0201115,0.0968908,-0.62365,0.748597,-0.203166,0.113816,-0.700394,-0.0302545,0.703973,0.0357538,0.718238,-0.0702146,-0.691322,0,0,0,0,-0.0740021,0.656806,0.725393,-0.192183,-0.0417037,0.703472,0.00234103,0.709495,0.0433278,0.717963,0.0274211,0.69419,0,0,0,0,0.0138487,0.000489892,0.99263,-0.120388,0,0,0,0,0,0,0,0,0,0,0,0,0,0,0,0,
0.00277311,0.000671674,0.995248,-0.0973347,0.00819956,0.000140956,0.995218,-0.0973369,0.0138784,0.000480529,0.990483,-0.136933,0,0,0,0,0.0451774,-0.673648,0.702688,-0.224472,-0.699803,0.653283,-0.275326,-0.0877069,-0.113176,0.0448934,-0.685815,0.717519,0.0182887,-0.678214,0.725836,-0.113373,-0.0264193,0.687582,0.697105,-0.201436,-0.683447,0.662059,0.251322,0.177243,0.0530252,-0.0150682,-0.701949,0.710091,-0.020026,0.610403,0.790956,-0.0373758,0.0973582,-0.62349,0.748914,-0.20226,0.113771,-0.699931,-0.0300997,0.704448,0.0358476,0.718535,-0.0628477,-0.691717,0,0,0,0,-0.0742724,0.657331,0.724888,-0.192189,-0.040484,0.703931,0.0034946,0.709105,0.0399863,0.695264,0.0256176,0.717184,0,0,0,0,0.0137384,-0.000753282,0.992919,-0.11799,0,0,0,0,0,0,0,0,0,0,0,0,0,0,0,0,
0.00514453,-0.000423168,0.995414,-0.0955256,0.0102909,-0.000917042,0.995374,-0.0955221,0.0157024,-0.000812299,0.991165,-0.131699,0,0,0,0,0.0536865,-0.677154,0.697814,-0.227236,-0.682211,0.659567,-0.31115,-0.052398,0.399667,-0.464748,0.568751,-0.54845,0.294498,-0.577352,0.679922,-0.34299,-0.0484915,0.701587,0.686798,-0.183665,0.686827,-0.65868,-0.232489,-0.200893,0.714861,-0.697914,-0.0239088,0.0362921,-0.0270566,0.635369,0.771693,-0.00799987,0.100433,-0.623391,0.748633,-0.202101,0.112295,-0.701559,-0.0298284,0.703075,0.00214585,0.71954,-0.053463,-0.692387,0,0,0,0,-0.0736032,0.658333,0.724621,-0.190014,-0.0395526,0.702429,0.00512928,0.710636,0.0402674,0.684348,0.0242116,0.72764,0,0,0,0,0.0155136,-0.00228617,0.993402,-0.113606,0,0,0,0,0,0,0,0,0,0,0,0,0,0,0,0,
0.00760982,-0.000931029,0.99566,-0.0927536,0.0129365,-0.00142725,0.995605,-0.0927473,0.0185096,-0.00172066,0.99153,-0.128544,0,0,0,0,0.0607213,-0.677812,0.695462,-0.230688,-0.682089,0.66096,-0.308171,-0.0540111,0.405613,-0.468897,0.563508,-0.54596,0.306128,-0.570938,0.682926,-0.337531,-0.0528202,0.70663,0.682095,-0.180638,0.688239,-0.657289,-0.23257,-0.200523,-0.0132103,0.00736013,0.716594,-0.697327,-0.0112159,0.637893,0.770009,-0.00728412,0.104092,-0.622969,0.748665,-0.201432,0.109567,-0.703578,-0.0296045,0.701496,0.0401454,0.725977,-0.0566602,-0.684204,0,0,0,0,-0.0735443,0.659972,0.723906,-0.187051,-0.0392863,0.700747,0.00793797,0.712283,0.0415514,0.639214,0.0263564,0.767453,0,0,0,0,0.0183306,-0.00309205,0.993714,-0.110397,0,0,0,0,0,0,0,0,0,0,0,0,0,0,0,0,
0.0144094,-0.00161406,0.99579,-0.0905075,0.0179762,-0.00193824,0.995732,-0.0905012,0.021686,-0.00241314,0.991662,-0.127002,0,0,0,0,0.0640134,-0.682552,0.690739,-0.230011,-0.682425,0.658372,-0.313763,-0.0489368,0.392951,-0.451415,0.570756,-0.562184,0.281328,-0.577982,0.695912,-0.320154,-0.0506613,0.70194,0.687679,-0.178355,0.686588,-0.659132,-0.221957,-0.211842,-0.0213675,0.0208013,0.718213,-0.695184,0.000774364,0.650565,0.759028,-0.0253125,0.109486,-0.625224,0.745377,-0.203764,-0.107326,0.708427,0.0289313,-0.696976,0.0442246,0.746351,-0.0565916,-0.661665,0,0,0,0,-0.0710797,0.659754,0.725641,-0.181982,-0.0384521,0.696028,0.00914302,0.716926,0.0379402,0.61999,0.0250913,0.78329,0,0,0,0,0.0215303,-0.00360037,0.993853,-0.108532,0,0,0,0,0,0,0,0,0,0,0,0,0,0,0,0,
0.015954,-0.000494154,0.995979,-0.0881558,0.0193224,-0.000792303,0.995919,-0.0881537,0.0227359,-0.00173204,0.991832,-0.125495,0,0,0,0,-0.0896533,0.695267,-0.681918,0.208694,-0.633854,0.602451,-0.476827,0.0889859,-0.472571,0.601561,-0.455215,0.455609,0.284126,-0.529438,0.738248,-0.306524,-0.0541725,0.709208,0.680539,-0.175942,0.686678,-0.657349,-0.228887,-0.209704,0.717226,-0.695171,-0.0251053,0.0411529,-0.0307683,0.65787,0.752442,-0.00958376,0.112034,-0.623226,0.746886,-0.202973,-0.106618,0.709803,0.0307231,-0.695607,0.0464373,0.738786,-0.0575677,-0.66987,0,0,0,0,-0.071484,0.66244,0.723762,-0.179533,-0.0392102,0.694771,0.0113474,0.718072,0.0295266,0.675805,0.0183181,0.736261,0,0,0,0,0.0226236,-0.00272731,0.994036,-0.106649,0,0,0,0,0,0,0,0,0,0,0,0,0,0,0,0,
0.0178709,0.00017043,0.996144,-0.0858883,0.0205371,-5.94607e-005,0.996093,-0.0858885,0.0232041,-0.000714569,0.991992,-0.124148,0,0,0,0,-0.0935743,0.69526,-0.681363,0.208811,-0.683837,0.641976,-0.345292,-0.0317395,-0.314717,0.310591,-0.59458,0.671537,0.177418,-0.597935,0.740221,-0.251136,-0.0577792,0.716164,0.673542,-0.173529,0.687591,-0.653786,-0.236,-0.20997,-0.0245674,0.00698582,0.718107,-0.695464,-0.0146691,0.657057,0.753178,-0.0279909,0.1134,-0.624307,0.746022,-0.202072,-0.108572,0.710919,0.0332565,-0.694046,0.0156287,0.722303,-0.0457303,-0.689886,0,0,0,0,-0.0711848,0.662735,0.724373,-0.176065,-0.0412255,0.69322,0.0133447,0.719422,0.0314006,0.67254,0.0188499,0.739154,0,0,0,0,0.0231503,-0.00144654,0.994238,-0.104657,0,0,0,0,0,0,0,0,0,0,0,0,0,0,0,0,
0.0185395,0.000999044,0.996224,-0.0848093,0.0211773,0.000774479,0.996172,-0.0848117,0.0237708,0.000131832,0.992045,-0.123618,0,0,0,0,-0.0947383,0.695625,-0.680934,0.208467,-0.665964,0.658726,-0.349951,0.0102852,-0.530834,0.611444,-0.415442,0.41444,0.24846,-0.490918,0.79585,-0.252765,-0.0582283,0.717263,0.672648,-0.172304,0.68789,-0.652522,-0.2407,-0.207571,0.717099,-0.694039,-0.0372553,0.0518656,-0.0385012,0.668254,0.74282,-0.0131248,0.114227,-0.624392,0.745871,-0.201898,-0.10857,0.711534,0.0342057,-0.69337,0.042938,0.722595,-0.0477152,-0.688284,0,0,0,0,-0.0716707,0.662871,0.724521,-0.174742,-0.0424685,0.69259,0.0150484,0.719923,-0.0101927,0.69659,0.0150832,0.717238,0,0,0,0,0.0237751,-0.000320188,0.994329,-0.103653,0,0,0,0,0,0,0,0,0,0,0,0,0,0,0,0,
0.0152988,0.000433391,0.996334,-0.0841629,0.0200486,3.21434e-005,0.99625,-0.084164,0.0249347,-6.62044e-006,0.992114,-0.122832,0,0,0,0,-0.095439,0.695063,-0.681505,0.208158,-0.677321,0.655308,-0.329086,-0.0592455,0.424311,-0.517926,0.55885,-0.489285,0.439852,-0.506491,0.536134,-0.512404,-0.057272,0.719189,0.671313,-0.169785,0.688958,-0.651546,-0.240884,-0.206879,-0.0256528,0.0185648,0.71872,-0.694578,0.00577927,0.674436,0.737138,-0.0415972,0.113353,-0.623703,0.747161,-0.199742,-0.11093,0.708858,0.0347575,-0.695706,-0.0666608,-0.677659,0.0630465,0.72963,0,0,0,0,-0.0739928,0.663469,0.723306,-0.176531,-0.0432618,0.694907,0.0156877,0.717625,0.0159407,0.68161,0.0172523,0.731338,0,0,0,0,0.024907,-0.000698019,0.994411,-0.102596,0,0,0,0,0,0,0,0,0,0,0,0,0,0,0,0,
0.0162381,0.000525499,0.996426,-0.0828912,0.0208512,0.000141721,0.99634,-0.0828927,0.0255975,0.000300672,0.992181,-0.122152,0,0,0,0,-0.0959801,0.694238,-0.682403,0.207719,-0.654799,0.653707,-0.378892,-0.01861,-0.423881,0.530713,-0.51997,0.517977,0.455665,-0.483205,0.57376,-0.47925,-0.056814,0.718292,0.672608,-0.168605,0.689258,-0.652346,-0.23611,-0.208854,-0.0448639,0.0494272,0.718991,-0.691807,-0.000409116,0.684376,0.727798,-0.0440454,0.114117,-0.625391,0.745714,-0.199431,-0.111143,0.709485,0.0336078,-0.695089,-0.0671974,-0.68867,0.0640135,0.719111,0,0,0,0,-0.07433,0.662558,0.724513,-0.174852,-0.044754,0.694135,0.0154601,0.718286,0.0217457,0.687477,0.0202432,0.725598,0,0,0,0,0.0255881,-0.000326232,0.994505,-0.101516,0,0,0,0,0,0,0,0,0,0,0,0,0,0,0,0,
0.0137296,0.000268942,0.996495,-0.0825146,0.0210644,-0.000338448,0.996367,-0.0825143,0.0286558,8.16694e-005,0.99217,-0.121564,0,0,0,0,-0.0872483,0.700338,-0.679133,0.201726,-0.689131,0.661047,-0.290921,-0.0589994,0.400116,-0.520757,0.602576,-0.453455,-0.444488,0.497479,-0.475279,0.573633,-0.0438834,0.719196,0.674802,-0.159606,0.688432,-0.653608,-0.250404,-0.190146,-0.0658615,0.0783476,0.711877,-0.694806,0.00236869,0.683339,0.727068,-0.0664425,0.112563,-0.626237,0.7457,-0.197709,-0.111057,0.707749,0.034224,-0.69684,-0.0631148,-0.698258,0.0612748,0.710421,0,0,0,0,-0.0759897,0.661943,0.724655,-0.175875,-0.045593,0.695892,0.0167316,0.716502,0.0338192,0.720514,0.0210651,0.692295,0,0,0,0,0.028629,-0.000700426,0.994497,-0.100773,0,0,0,0,0,0,0,0,0,0,0,0,0,0,0,0,
0.0106964,0.000805994,0.996622,-0.0814217,0.0209621,-3.27801e-005,0.996459,-0.0814257,0.0315482,-0.000159127,0.992122,-0.121237,0,0,0,0,0.073184,-0.682866,0.690299,-0.22765,0.703236,-0.659861,0.239681,0.112229,0.407871,-0.523305,0.605964,-0.438863,-0.439295,0.510165,-0.443011,0.592025,-0.0452971,0.719447,0.674546,-0.159157,0.700423,-0.643813,-0.240959,-0.19197,-0.37775,0.49199,0.629192,-0.468368,-0.257307,0.694171,0.40667,-0.535293,0.111724,-0.626507,0.746079,-0.19589,0.11136,-0.705752,-0.034104,0.69882,0.0468363,0.72979,-0.0425866,-0.680734,0,0,0,0,-0.0793155,0.661799,0.724097,-0.177243,-0.044946,0.698043,0.018182,0.714412,0.0191024,0.690099,0.0140608,0.723327,0,0,0,0,0.0315505,-0.000760415,0.994455,-0.100313,0,0,0,0,0,0,0,0,0,0,0,0,0,0,0,0,
0.0120463,0.00207276,0.996785,-0.0791833,0.0135995,0.00194937,0.996765,-0.0791864,0.0151502,0.00272535,0.992585,-0.120577,0,0,0,0,0.0455267,-0.628755,0.747919,-0.207873,0.706398,-0.643461,0.0236827,0.293935,0.399777,-0.510262,0.615363,-0.448486,-0.425662,0.500959,-0.453682,0.601685,-0.0393181,0.723766,0.67121,-0.15522,-0.677473,0.654085,0.312922,0.123625,0.0133733,-0.0720906,-0.695886,0.7144,0.197775,0.614139,0.714616,-0.270265,0.115028,-0.624381,0.747353,-0.195909,-0.107904,0.707467,0.0324357,-0.697707,0.0454623,0.726853,-0.037003,-0.684287,0,0,0,0,-0.0807418,0.663749,0.722559,-0.175575,-0.044714,0.696993,0.0218442,0.715349,0.0402847,0.691888,0.0179338,0.720657,0,0,0,0,0.0151626,0.00208512,0.994974,-0.0989545,0,0,0,0,0,0,0,0,0,0,0,0,0,0,0,0,
0.0153336,0.000833409,0.996904,-0.0771119,0.017825,0.000640692,0.996863,-0.0771138,0.0203783,0.00145117,0.992782,-0.118179,0,0,0,0,0.0530785,-0.636102,0.740235,-0.211208,-0.685544,0.690163,-0.183822,-0.141117,-0.143725,0.0650398,-0.682602,0.713559,0.0278867,-0.681732,0.716795,-0.143766,-0.0385683,0.702328,0.693035,-0.157958,-0.672272,0.661964,0.314237,0.105399,-0.67553,0.721165,0.131042,-0.0800508,0.0253548,0.670401,0.740206,-0.04488,0.119323,-0.624676,0.746263,-0.196555,-0.105713,0.709812,0.0291782,-0.695802,0.0468037,0.725825,-0.0406743,-0.685079,0,0,0,0,-0.0802267,0.664038,0.722971,-0.173004,-0.0433712,0.694828,0.0228797,0.717502,0.0357634,0.68985,0.0175859,0.722855,0,0,0,0,0.0203912,0.000907824,0.995083,-0.0969141,0,0,0,0,0,0,0,0,0,0,0,0,0,0,0,0,
0.0175663,0.000110013,0.997017,-0.0751596,0.0210197,-0.000150325,0.99695,-0.0751595,0.0246182,0.00112633,0.992886,-0.116493,0,0,0,0,0.0544494,-0.641917,0.736321,-0.206904,0.706018,-0.663128,0.100222,0.227496,0.424717,-0.502939,0.594016,-0.462399,-0.410286,0.527665,-0.486445,0.562679,-0.0316735,0.69983,0.697373,-0.151347,0.692851,-0.65552,-0.234187,-0.188168,-0.368279,0.501413,0.624596,-0.472054,-0.241548,0.688869,0.459054,-0.506343,0.12266,-0.625039,0.745355,-0.196789,-0.103647,0.711528,0.0258123,-0.694492,0.0248959,0.728833,-0.0387476,-0.683141,0,0,0,0,-0.0804367,0.664243,0.723234,-0.171005,-0.0412184,0.693408,0.0245695,0.718945,0.0105705,0.690461,0.0260403,0.722824,0,0,0,0,0.0246061,0.00034956,0.995188,-0.0948447,0,0,0,0,0,0,0,0,0,0,0,0,0,0,0,0,
0.0207098,-0.00240098,0.997178,-0.0721158,0.0314584,-0.00317827,0.996897,-0.0720857,0.0425655,-0.00266922,0.992743,-0.112436,0,0,0,0,0.0631331,-0.652461,0.726709,-0.205436,0.721513,-0.600163,-0.0318455,0.343816,0.402329,-0.485117,0.646171,-0.430414,-0.391009,0.495538,-0.411003,0.657747,-0.000311551,0.658122,0.738528,-0.146461,0.688808,-0.655347,-0.139922,-0.27656,-0.356447,0.496087,0.630892,-0.478351,-0.235889,0.72074,0.406804,-0.509315,0.127847,-0.62633,0.743429,-0.196669,-0.101739,0.713558,0.0207385,-0.692859,0.0387087,0.737634,-0.0321391,-0.673324,0,0,0,0,-0.0806532,0.663818,0.724249,-0.168241,-0.0374278,0.691518,0.0252793,0.720945,0.00732624,0.68164,0.0264247,0.731174,0,0,0,0,0.0425662,-0.00309772,0.994894,-0.0914574,0,0,0,0,0,0,0,0,0,0,0,0,0,0,0,0,
0.024518,-0.0033644,0.997239,-0.070008,0.0329093,-0.00395343,0.996998,-0.0699772,0.0416536,-0.00300713,0.993199,-0.108678,0,0,0,0,0.066885,-0.652931,0.725906,-0.20559,0.709283,-0.664986,0.116912,0.202593,0.409973,-0.506438,0.602501,-0.460908,-0.426661,0.50228,-0.492659,0.568298,-0.00620159,0.665934,0.731565,-0.145967,-0.667055,0.681241,0.235508,0.188373,-0.0588199,0.0854891,0.691338,-0.715041,0.0152187,0.657776,0.750353,-0.0637909,0.132537,-0.626041,0.742608,-0.197587,-0.100237,0.716249,0.0176139,-0.690383,0.060156,0.73652,-0.0505436,-0.671837,0,0,0,0,-0.0799687,0.664454,0.724389,-0.165429,-0.0363063,0.68888,0.0257147,0.723508,0.0293037,0.670864,0.021246,0.740696,0,0,0,0,0.0416171,-0.00363139,0.995216,-0.0883222,0,0,0,0,0,0,0,0,0,0,0,0,0,0,0,0,
0.0220956,-0.00407619,0.997463,-0.0675495,0.0306968,-0.00465858,0.997235,-0.0675118,0.0397177,-0.00344854,0.993722,-0.104534,0,0,0,0,0.0728129,-0.659829,0.718516,-0.207504,0.708082,-0.669101,0.128478,0.185518,0.413838,-0.502521,0.597282,-0.46847,0.414304,-0.511058,0.527927,-0.537089,-0.0163184,0.678825,0.718996,-0.148241,-0.668713,0.678274,0.232682,0.196536,-0.689469,0.710952,0.104677,-0.0906771,-0.0303995,0.64892,0.758934,-0.0446973,0.132292,-0.627969,0.74183,-0.194532,-0.0991262,0.714683,0.0158201,-0.692208,0.0836618,0.722158,-0.0689911,-0.683176,0,0,0,0,-0.0828825,0.663871,0.724662,-0.16514,-0.0333996,0.690782,0.0271643,0.72178,0.0268382,0.683701,0.0241278,0.728869,0,0,0,0,0.0396605,-0.0041179,0.995572,-0.0851267,0,0,0,0,0,0,0,0,0,0,0,0,0,0,0,0,
0.0250373,-0.00550424,0.997516,-0.0656157,0.0323499,-0.00598516,0.997305,-0.0655736,0.0401037,-0.00443123,0.994005,-0.101615,0,0,0,0,0.0787773,-0.672344,0.705869,-0.20856,-0.67158,0.66936,-0.316938,-0.0220986,0.406418,-0.510858,0.5643,-0.505384,0.426285,-0.490548,0.572404,-0.499997,-0.0218254,0.682526,0.715037,-0.149681,-0.662344,0.683222,0.248086,0.181551,-0.348051,0.519795,0.602436,-0.495726,-0.416158,0.325756,0.798473,-0.288333,0.136406,-0.628276,0.740671,-0.195112,-0.0975856,0.716743,0.0122647,-0.690367,0.0797949,0.752285,-0.0644037,-0.650808,0,0,0,0,-0.0826148,0.663999,0.725051,-0.163035,-0.0314517,0.688799,0.0280529,0.723726,0.0357222,0.731102,0.020242,0.681031,0,0,0,0,0.0400426,-0.00498054,0.995763,-0.0826347,0,0,0,0,0,0,0,0,0,0,0,0,0,0,0,0,
0.0235986,-0.00631193,0.997672,-0.0636737,0.0284322,-0.00662036,0.997546,-0.0636424,0.0337413,-0.00404276,0.994466,-0.0994137,0,0,0,0,0.0805013,-0.673356,0.704438,-0.209471,-0.655773,0.669401,-0.348838,0.0132347,-0.439623,0.542633,-0.505327,0.506878,0.44479,-0.475629,0.638012,-0.410949,-0.0467714,0.710732,0.687505,-0.141456,0.682721,-0.660543,-0.240459,-0.199388,-0.101423,0.157174,0.705888,-0.683178,-0.00268391,0.686151,0.724935,-0.0604913,0.136701,-0.628785,0.740826,-0.192665,-0.0947266,0.716095,0.0100354,-0.691472,0.0322935,0.732602,-0.0397623,-0.678727,0,0,0,0,-0.0843275,0.664367,0.724609,-0.162626,-0.0292187,0.689942,0.0289218,0.722696,0.0179928,0.686692,0.0219595,0.726394,0,0,0,0,0.0336607,-0.0047082,0.996139,-0.0809421,0,0,0,0,0,0,0,0,0,0,0,0,0,0,0,0,
0.0233786,-0.00665444,0.997805,-0.0615961,0.0281417,-0.00694842,0.997682,-0.0615636,0.0334139,-0.00404917,0.994702,-0.0971364,0,0,0,0,0.0838727,-0.678955,0.698772,-0.209053,0.743233,-0.608506,0.0268139,0.276779,0.398587,-0.499938,0.648572,-0.412972,-0.425885,0.482848,-0.399225,0.652763,-0.0516447,0.716346,0.681543,-0.140288,-0.667718,0.671031,0.276431,0.1657,-0.344072,0.501263,0.612689,-0.504937,-0.340026,0.341841,0.850556,-0.209957,0.137604,-0.630276,0.739774,-0.191186,-0.0904862,0.716535,0.00750653,-0.691616,0.0689421,0.743871,-0.0625709,-0.661807,0,0,0,0,-0.0858946,0.663691,0.725332,-0.161338,-0.0266453,0.690167,0.0314316,0.722476,0.028757,0.743738,0.0141593,0.667702,0,0,0,0,0.0333136,-0.00488408,0.996333,-0.078663,0,0,0,0,0,0,0,0,0,0,0,0,0,0,0,0,
0.0234985,-0.00717426,0.997894,-0.0600264,0.0283115,-0.00746371,0.997769,-0.0599911,0.0336668,-0.00421128,0.994914,-0.0948406,0,0,0,0,-0.106346,0.694612,-0.685786,0.189479,0.70615,-0.668606,0.178474,0.149882,0.0177555,0.0623425,0.719539,-0.691421,0.0315501,-0.672683,0.736573,-0.0629481,-0.0558119,0.721963,0.675574,-0.138759,0.687473,-0.65436,-0.217967,-0.227344,-0.0866757,0.122712,0.718897,-0.678687,-0.0278163,0.68455,0.728096,-0.0222371,0.13837,-0.630891,0.739452,-0.189843,-0.0851489,0.717311,0.00415062,-0.691518,0.062296,0.72334,-0.0648709,-0.684609,0,0,0,0,-0.0863906,0.663918,0.725347,-0.16007,-0.0231524,0.69018,0.0322758,0.722547,0.0369038,0.715184,0.0150207,0.6978,0,0,0,0,0.0335707,-0.00499412,0.996481,-0.0766346,0,0,0,0,0,0,0,0,0,0,0,0,0,0,0,0,
0.0227282,-0.00748289,0.997973,-0.0589646,0.0279148,-0.00778925,0.997842,-0.0589249,0.0336696,-0.00448296,0.995028,-0.0936259,0,0,0,0,-0.109968,0.701176,-0.678717,0.188686,0.705733,-0.666906,0.178163,0.159483,-0.106473,0.0175122,-0.713884,0.691901,0.0390819,-0.662182,0.744082,-0.0795628,-0.0594865,0.724664,0.6724,-0.138572,0.685867,-0.651954,-0.228509,-0.228748,-0.105556,0.133751,0.7155,-0.677516,-0.0305015,0.658617,0.749838,-0.0551136,0.138498,-0.630999,0.739683,-0.188488,-0.0841192,0.716896,0.00319524,-0.692079,0.038691,0.772656,-0.0423267,-0.63223,0,0,0,0,-0.0872827,0.66434,0.72491,-0.159808,-0.0208724,0.690788,0.0328706,0.722008,0.0346003,0.719533,0.0139451,0.693456,0,0,0,0,0.033574,-0.00521909,0.996584,-0.0752724,0,0,0,0,0,0,0,0,0,0,0,0,0,0,0,0,
0.0220059,-0.00683137,0.998035,-0.0582756,0.0271228,-0.00713008,0.997909,-0.0582398,0.0327857,-0.00388786,0.995103,-0.0931655,0,0,0,0,-0.109731,0.703917,-0.676422,0.18685,-0.705743,0.642792,-0.296152,-0.0322349,-0.0341834,-0.0924885,-0.679877,0.726666,-0.179197,-0.612145,0.728895,-0.248754,-0.0609587,0.728074,0.668783,-0.137554,0.686618,-0.651109,-0.225599,-0.231773,-0.132672,0.158156,0.712546,-0.670569,-0.0794287,0.650047,0.755671,-0.00958097,0.138266,-0.631038,0.739878,-0.187762,-0.0831853,0.716609,0.00285338,-0.692491,0.0365059,0.731538,-0.0470516,-0.679195,0,0,0,0,-0.088346,0.664578,0.724594,-0.15967,-0.0191402,0.691311,0.0342438,0.721492,0.00184336,0.910657,0.0229334,0.412521,0,0,0,0,0.0326802,-0.00479497,0.996681,-0.0744034,0,0,0,0,0,0,0,0,0,0,0,0,0,0,0,0,
0.0227725,-0.00667981,0.998095,-0.0569418,0.0271325,-0.0069285,0.997986,-0.056912,0.032021,-0.00347255,0.995266,-0.0916939,0,0,0,0,-0.112891,0.707884,-0.672029,0.185829,0.693378,-0.671263,0.0963943,0.2436,-0.00970715,0.131729,0.747097,-0.65146,0.0616842,-0.661125,0.746365,-0.0452535,-0.0654717,0.731194,0.664934,-0.137587,0.687365,-0.649534,-0.215343,-0.243439,-0.110573,0.13363,0.720443,-0.671475,-0.0356018,0.63507,0.769153,-0.0618303,0.139539,-0.631295,0.739513,-0.187395,-0.0820166,0.717321,0.00183629,-0.691896,0.0362521,0.730851,-0.0522572,-0.679567,0,0,0,0,-0.0889097,0.66478,0.724613,-0.158425,-0.0173859,0.690773,0.0350333,0.722014,-0.00463592,0.686509,0.0197384,0.726838,0,0,0,0,0.0319064,-0.00452621,0.996825,-0.072809,0,0,0,0,0,0,0,0,0,0,0,0,0,0,0,0,
0.0222929,-0.00658927,0.998152,-0.056139,0.026464,-0.00682381,0.99805,-0.0561109,0.031161,-0.00330077,0.995351,-0.0910721,0,0,0,0,-0.113325,0.712133,-0.667944,0.184051,0.695366,-0.670283,0.0947561,0.241261,0.365966,-0.380087,0.633938,-0.565442,0.323267,-0.340355,0.872402,-0.136276,-0.0672764,0.732798,0.663021,-0.137424,0.685933,-0.647492,-0.192468,-0.270566,-0.148355,0.1629,0.721179,-0.656777,-0.0819783,0.640562,0.762384,-0.0415899,0.139545,-0.631621,0.739447,-0.186546,-0.0813986,0.717088,0.00155543,-0.692212,0.0376098,0.730805,-0.0484068,-0.679828,0,0,0,0,-0.0896518,0.664874,0.724514,-0.158063,-0.0164499,0.691127,0.0352169,0.721687,0.0598685,0.596153,0.01186,0.800547,0,0,0,0,0.0310389,-0.00443986,0.996911,-0.0720127,0,0,0,0,0,0,0,0,0,0,0,0,0,0,0,0,
0.0220412,-0.00642241,0.998191,-0.0555729,0.0264478,-0.00666769,0.998084,-0.055544,0.0313902,-0.0030772,0.9954,-0.0904644,0,0,0,0,-0.117265,0.720926,-0.658009,0.183137,0.699035,-0.668063,0.102237,0.233643,0.266638,-0.293255,0.682923,-0.613614,0.211091,-0.315975,0.923467,-0.0529923,-0.0710782,0.738388,0.656564,-0.136584,0.685481,-0.636866,-0.165308,-0.311753,-0.419336,0.508727,0.607418,-0.443167,-0.446849,0.460117,0.658,-0.39453,0.139634,-0.631598,0.73959,-0.185991,-0.0812119,0.716952,0.00243649,-0.692371,0.0676571,0.769276,-0.0543989,-0.63299,0,0,0,0,-0.0901348,0.665125,0.724287,-0.157774,-0.0160114,0.69131,0.0351166,0.721527,0.0388711,0.664228,0.0154567,0.746359,0,0,0,0,0.0312746,-0.004204,0.996963,-0.0711906,0,0,0,0,0,0,0,0,0,0,0,0,0,0,0,0,
0.0215978,-0.00616357,0.998213,-0.0553727,0.0256274,-0.00638706,0.998118,-0.0553473,0.0301882,-0.0026027,0.995428,-0.0905859,0,0,0,0,-0.11638,0.722244,-0.65706,0.181911,0.700429,-0.6648,0.0920665,0.242825,0.481543,-0.452171,0.561956,-0.497858,0.431468,-0.504579,0.665001,-0.342065,-0.072244,0.740883,0.653623,-0.136567,0.6859,-0.634443,-0.158807,-0.319067,-0.416943,0.504343,0.611701,-0.444542,-0.447648,0.453479,0.658988,-0.399627,0.139362,-0.631538,0.739789,-0.185608,-0.082352,0.716528,0.00355485,-0.692671,-0.0501578,-0.685978,0.0462414,0.724417,0,0,0,0,-0.0905476,0.665254,0.724107,-0.15782,-0.0158144,0.691629,0.0348622,0.721238,0.0390385,0.635541,0.0172961,0.770886,0,0,0,0,0.0300625,-0.00388407,0.997008,-0.0711121,0,0,0,0,0,0,0,0,0,0,0,0,0,0,0,0,
0.021749,-0.00633556,0.998205,-0.0554446,0.0252685,-0.00653102,0.998122,-0.0554219,0.0293189,-0.00256247,0.995439,-0.0907488,0,0,0,0,-0.114662,0.720684,-0.659242,0.181292,0.698059,-0.671319,0.11849,0.219103,0.371232,-0.365615,0.629052,-0.576894,0.291154,-0.469135,0.812568,-0.186748,-0.0718811,0.740481,0.654054,-0.136872,0.688052,-0.630154,-0.01453,-0.359555,-0.0427722,0.0474018,0.779276,-0.62342,-0.0254934,0.687731,0.725458,-0.00930526,0.139453,-0.631723,0.739577,-0.185754,-0.0830853,0.716508,0.00457449,-0.692598,0.0509487,0.731149,-0.0380112,-0.67925,0,0,0,0,-0.0904288,0.664993,0.724365,-0.157805,-0.0166484,0.691515,0.0341828,0.721361,0.0413691,0.639837,0.0187163,0.767168,0,0,0,0,0.0291779,-0.00397541,0.997026,-0.0712169,0,0,0,0,0,0,0,0,0,0,0,0,0,0,0,0,
0.0211858,-0.00710724,0.998191,-0.0558237,0.0248532,-0.0073123,0.998106,-0.0557972,0.0291182,-0.00293191,0.995412,-0.0911001,0,0,0,0,-0.114363,0.729677,-0.649942,0.179079,0.70189,-0.669802,0.126639,0.206586,0.391306,-0.382955,0.617136,-0.565126,0.303799,-0.50134,0.782255,-0.21081,-0.0716675,0.741341,0.653142,-0.136686,0.700661,-0.642413,-0.0741593,-0.301461,-0.0251253,0.0247862,0.764112,-0.644117,-0.0240541,0.690092,0.72332,0.00145255,0.138387,-0.632981,0.738812,-0.185313,-0.0855327,0.7157,0.00540077,-0.693129,0.0457509,0.731356,-0.0273079,-0.679911,0,0,0,0,-0.0901068,0.663965,0.725289,-0.158072,-0.0176125,0.691943,0.0318254,0.721035,0.0415319,0.636779,0.0191118,0.76969,0,0,0,0,0.0289398,-0.00462175,0.997009,-0.0715096,0,0,0,0,0,0,0,0,0,0,0,0,0,0,0,0,
0.0194757,-0.00695683,0.998225,-0.0558567,0.0236605,-0.00719094,0.998134,-0.055827,0.028452,-0.00308716,0.995376,-0.091695,0,0,0,0,-0.1151,0.725597,-0.653947,0.180592,-0.705821,0.629405,-0.322949,-0.0370151,-0.168972,0.0931204,-0.666499,0.720108,0.0415259,-0.672564,0.720678,-0.162963,-0.0732165,0.738783,0.655389,-0.13894,0.702266,-0.643991,-0.0845438,-0.291462,-0.0205706,0.0220544,0.76125,-0.647756,-0.00342166,0.701182,0.712804,-0.0155745,0.137122,-0.63233,0.739916,-0.184068,-0.0878096,0.714225,0.00712788,-0.69435,0.0359484,0.728177,-0.0544047,-0.68228,0,0,0,0,-0.0906727,0.664911,0.724172,-0.158894,-0.019822,0.693141,0.0304421,0.719886,0.0454505,0.724897,0.0145997,0.687201,0,0,0,0,0.0282673,-0.00478567,0.99701,-0.0717575,0,0,0,0,0,0,0,0,0,0,0,0,0,0,0,0,
0.0179612,-0.00573028,0.998192,-0.0570786,0.0227207,-0.00600239,0.998095,-0.0570506,0.0281458,-0.00106024,0.99507,-0.0950968,0,0,0,0,-0.110953,0.714076,-0.666493,0.183229,-0.693475,0.670818,-0.252243,-0.0739467,-0.37064,0.362206,-0.58635,0.622597,0.256984,-0.558506,0.745482,-0.257463,-0.0699784,0.737345,0.657148,-0.139934,-0.693271,0.644809,0.314308,0.0693342,0.0277188,-0.0373367,-0.697131,0.715434,0.0565334,0.697705,0.708232,-0.091758,0.134614,-0.632459,0.74027,-0.184054,-0.0902185,0.712992,0.00934517,-0.695281,0.0356881,0.729223,-0.0488999,-0.681593,0,0,0,0,-0.0908768,0.664431,0.72435,-0.159967,-0.0281087,0.693997,0.0264505,0.718943,0.0129888,0.689538,0.0151041,0.723975,0,0,0,0,0.0279252,-0.00338984,0.996883,-0.0737116,0,0,0,0,0,0,0,0,0,0,0,0,0,0,0,0,
0.0144816,-0.00377979,0.997933,-0.0625001,0.0219769,-0.00424913,0.997796,-0.0624699,0.0301201,-0.000879736,0.9947,-0.0983035,0,0,0,0,-0.102381,0.778445,-0.596765,0.165568,0.726358,-0.657235,0.0996583,0.174684,0.0976536,-0.0664258,0.74165,-0.660308,0.030243,-0.700184,0.706103,-0.101223,-0.058487,0.751768,0.643745,-0.130444,0.713942,-0.64292,-0.125053,-0.247593,-0.0261797,0.0250395,0.755502,-0.654144,0.0176595,0.713679,0.698738,-0.0460071,0.124663,-0.638251,0.736791,-0.185023,-0.100953,0.70927,0.0165421,-0.697475,0.0309642,0.729311,-0.0462072,-0.681918,0,0,0,0,-0.0892113,0.657918,0.729883,-0.162656,-0.0402019,0.695927,0.019833,0.716712,0.0468474,0.692297,0.019783,0.719819,0,0,0,0,0.0299364,-0.00292148,0.996531,-0.077592,0,0,0,0,0,0,0,0,0,0,0,0,0,0,0,0,
0.0106806,-0.000634308,0.997789,-0.065601,0.0181231,-0.00112363,0.997681,-0.0655944,0.0262527,0.00442761,0.994024,-0.105865,0,0,0,0,-0.0836386,0.752684,-0.63118,0.167581,0.703953,-0.67845,0.131817,0.163649,0.411765,-0.436855,0.592748,-0.536896,0.352541,-0.485094,0.72513,-0.338503,-0.0471965,0.75841,0.637012,-0.129622,0.70893,-0.651927,-0.179111,-0.20082,-0.323062,0.484123,0.659412,-0.475849,-0.476184,0.30036,0.701529,-0.436909,0.119277,-0.635779,0.739845,-0.184895,0.109646,-0.70581,-0.0215684,0.699532,0.0621645,0.730217,-0.0424159,-0.679057,0,0,0,0,-0.0894867,0.659336,0.727826,-0.165944,-0.050774,0.69777,0.0176449,0.714302,0.0511593,0.723762,0.0204553,0.687847,0,0,0,0,0.0260353,0.00134873,0.996187,-0.0832618,0,0,0,0,0,0,0,0,0,0,0,0,0,0,0,0,
0.0128396,-0.000690098,0.997552,-0.0687374,0.0196899,-0.00116213,0.99744,-0.068731,0.0271105,0.00316867,0.993661,-0.109058,0,0,0,0,-0.0815453,0.745306,-0.638822,0.172553,0.707465,-0.673801,0.158553,0.142643,0.443334,-0.462263,0.570451,-0.514154,0.378234,-0.525892,0.679719,-0.344033,-0.0432835,0.749854,0.64644,-0.13402,0.7159,-0.644702,-0.147935,-0.22352,-0.0608349,0.0635717,0.747251,-0.658691,-0.0297372,0.677333,0.734629,-0.0256256,0.118116,-0.634701,0.7403,-0.18751,0.123891,-0.704843,-0.0252865,0.698003,0.0594383,0.724459,-0.0573416,-0.684353,0,0,0,0,-0.0854491,0.658993,0.728559,-0.166218,-0.0707245,0.694567,0.0100512,0.715873,0.0660038,0.718846,0.0234182,0.691633,0,0,0,0,0.0269337,0.000681023,0.995857,-0.0868538,0,0,0,0,0,0,0,0,0,0,0,0,0,0,0,0,
0.00682619,0.000663455,0.997458,-0.0709336,0.0160563,7.01281e-006,0.997352,-0.0709367,0.0258648,0.00339732,0.99366,-0.109361,0,0,0,0,-0.0816498,0.74945,-0.634231,0.17149,-0.670503,0.689136,-0.271865,-0.0400688,-0.459533,0.549331,-0.50645,0.480181,0.446532,-0.449802,0.688015,-0.353443,-0.0459502,0.763905,0.630102,-0.131567,0.705072,-0.62799,-0.0447769,-0.326338,-0.0428414,0.0397648,0.77917,-0.624081,-0.0292043,0.701466,0.711988,-0.0128772,0.112022,-0.63563,0.740886,-0.185779,0.136963,-0.69853,-0.0317341,0.701633,0.0538266,0.728916,-0.0529952,-0.680423,0,0,0,0,-0.0879829,0.657298,0.728833,-0.170354,-0.0857147,0.697008,0.00782935,0.711879,0.0790511,0.710272,0.0296682,0.698846,0,0,0,0,0.0257124,0.00110146,0.995826,-0.0875695,0,0,0,0,0,0,0,0,0,0,0,0,0,0,0,0,
0.00388613,0.00242673,0.997043,-0.0767139,0.0144975,0.00161012,0.996945,-0.0767354,0.0256665,0.00556413,0.992383,-0.12036,0,0,0,0,-0.0652076,0.709565,-0.677594,0.182022,0.698959,-0.67054,0.0681061,0.239153,0.156147,-0.0924293,0.728486,-0.660593,0.0749973,-0.690591,0.70375,-0.148983,-0.0287402,0.736438,0.660955,-0.14132,0.6957,-0.54667,0.1074,-0.453453,-0.410251,0.503047,0.654782,-0.387168,-0.55216,0.368971,0.608651,-0.434193,0.105492,-0.634723,0.74209,-0.187886,0.154359,-0.676368,-0.0473841,0.718647,0.0645732,0.729459,-0.0563074,-0.678638,0,0,0,0,-0.0862824,0.655142,0.729903,-0.174886,-0.106832,0.695886,0.00280049,0.710156,0.0907228,0.730341,0.0288426,0.676417,0,0,0,0,0.0255343,0.00314893,0.994966,-0.096856,0,0,0,0,0,0,0,0,0,0,0,0,0,0,0,0,
0.00511736,0.00275999,0.996588,-0.0823276,0.0150954,0.00193555,0.996487,-0.0823511,0.0255864,0.00515814,0.991978,-0.123686,0,0,0,0,-0.0692702,0.717127,-0.667654,0.187533,0.67483,-0.655791,-0.0102086,0.338287,0.209954,-0.119418,0.745126,-0.621648,-0.132694,0.710955,-0.673016,0.154868,-0.0327355,0.738029,0.657495,-0.148124,0.661528,-0.564679,0.0071505,-0.493425,-0.456297,0.460388,0.653007,-0.391686,-0.463036,0.462228,0.612761,-0.443245,0.103586,-0.631074,0.744326,-0.192338,0.167746,-0.647049,-0.0599119,0.74135,0.0696088,0.729292,-0.0458332,-0.679107,0,0,0,0,-0.0821181,0.655198,0.729528,-0.178213,-0.125956,0.691716,-0.00276667,0.711095,0.0946431,0.693531,0.0339375,0.713376,0,0,0,0,0.0254744,0.00303948,0.994521,-0.101342,0,0,0,0,0,0,0,0,0,0,0,0,0,0,0,0,
0.00489431,0.0030369,0.996071,-0.0883668,0.0126007,0.00235312,0.996004,-0.0883877,0.0207464,0.00559537,0.99112,-0.131224,0,0,0,0,0.0441933,-0.682027,0.700436,-0.205612,0.680817,-0.655694,-0.00172636,0.32642,0.376777,-0.363855,0.649592,-0.551071,0.254904,-0.596433,0.732252,-0.207599,-0.0264162,0.722736,0.672364,-0.157739,0.673484,-0.613796,-0.0888438,-0.40222,-0.330944,0.274263,0.713988,-0.5527,-0.20843,0.642714,0.709586,-0.19991,0.0985752,-0.62796,0.746996,-0.194799,0.176213,-0.586612,-0.0848118,0.785902,0.0978559,0.79642,-0.0516266,-0.594537,0,0,0,0,-0.0765613,0.656225,0.728459,-0.181258,-0.143708,0.687824,-0.00703327,0.711475,0.0792878,0.695444,0.0248427,0.713761,0,0,0,0,0.0206246,0.00350603,0.993897,-0.108307,0,0,0,0,0,0,0,0,0,0,0,0,0,0,0,0,
0.00242369,0.0045436,0.995678,-0.0927248,0.0101177,0.00382694,0.99563,-0.0927571,0.018226,0.00718224,0.990652,-0.134996,0,0,0,0,0.0364718,-0.674312,0.708538,-0.204811,0.679574,-0.646513,-0.0312568,0.345287,0.367996,-0.351558,0.663327,-0.548619,0.224982,-0.649278,0.683292,-0.246846,-0.0212803,0.706804,0.687789,-0.164076,0.675415,-0.609531,-0.0764899,-0.407966,-0.32633,0.26908,0.721494,-0.548225,-0.186742,0.667344,0.679432,-0.241147,0.0930281,-0.629733,0.745709,-0.196723,0.185473,-0.564948,-0.0972672,0.798106,0.101379,0.834382,-0.047109,-0.539731,0,0,0,0,-0.0763069,0.652104,0.731293,-0.184791,-0.157844,0.60077,-0.0285799,0.783163,0.100719,0.697837,0.0237111,0.708743,0,0,0,0,0.0181172,0.00506185,0.993477,-0.112468,0,0,0,0,0,0,0,0,0,0,0,0,0,0,0,0,
0.00125687,0.00509689,0.995056,-0.0991799,0.0108208,0.00414339,0.994998,-0.0992243,0.0208109,0.00695563,0.989692,-0.141519,0,0,0,0,0.0321582,-0.668277,0.71297,-0.20987,0.684994,-0.653799,-0.0135649,0.321162,0.355508,-0.340944,0.664227,-0.562293,0.218407,-0.648561,0.697007,-0.214121,-0.0040366,0.690079,0.701808,-0.17675,0.660776,-0.604747,-0.0226911,-0.444006,-0.31439,0.260414,0.737187,-0.538423,-0.174314,0.673446,0.678783,-0.235242,0.0877262,-0.627208,0.747666,-0.199775,0.193944,-0.541509,-0.11171,0.810354,0.102214,0.725936,-0.0526936,-0.67808,0,0,0,0,-0.0723998,0.651185,0.731392,-0.189161,-0.170016,0.535186,-0.0482961,0.826038,0.1078,0.706758,0.0230675,0.698813,0,0,0,0,0.0207145,0.00494145,0.992698,-0.118735,0,0,0,0,0,0,0,0,0,0,0,0,0,0,0,0,
-0.00407723,0.00605627,0.994442,-0.10503,0.00551626,0.00504278,0.994435,-0.105083,0.0155973,0.00818325,0.988778,-0.148353,0,0,0,0,0.0167777,-0.6364,0.742365,-0.208825,0.705124,-0.660466,0.0162556,0.25753,0.458876,-0.510521,0.571751,-0.449335,0.452269,-0.514237,0.588556,-0.429669,0.00453581,0.674285,0.716021,-0.180647,0.663918,-0.605661,-0.0202279,-0.438154,-0.29835,0.253031,0.741897,-0.544565,-0.163928,0.684611,0.67457,-0.222243,0.0815768,-0.62145,0.752953,-0.200518,0.208376,-0.543519,-0.12308,0.803752,0.108162,0.722832,-0.0564953,-0.680164,0,0,0,0,-0.0713867,0.653581,0.727488,-0.196204,-0.182185,0.546959,-0.0490108,0.815624,0.0932753,0.696951,0.0359714,0.710117,0,0,0,0,0.0154677,0.00597588,0.991972,-0.125369,0,0,0,0,0,0,0,0,0,0,0,0,0,0,0,0,
-0.00970749,0.00536728,0.993891,-0.10981,0.000897577,0.00419534,0.993938,-0.109861,0.0121455,0.00744426,0.988565,-0.150121,0,0,0,0,0.0155139,-0.630185,0.746324,-0.213605,0.701081,-0.667014,0.227446,0.108843,0.481747,-0.505372,0.526312,-0.485299,-0.452642,0.534836,-0.489781,0.518826,-0.00790446,0.701067,0.691515,-0.173923,0.675742,-0.603509,-0.0460933,-0.420743,-0.300799,0.25414,0.739764,-0.545603,-0.157459,0.679678,0.675066,-0.239854,0.0740379,-0.621658,0.753753,-0.199789,0.221672,-0.536171,-0.134478,0.803304,0.0984037,0.723047,-0.0480218,-0.682066,0,0,0,0,-0.0711885,0.650409,0.72884,-0.201725,-0.184575,0.427065,-0.082122,0.881365,0.118943,0.58987,0.0385523,0.797759,0,0,0,0,0.0119538,0.00510706,0.991677,-0.128091,0,0,0,0,0,0,0,0,0,0,0,0,0,0,0,0,
-0.0160469,0.00957186,0.992915,-0.117352,-0.000590478,0.00774415,0.993044,-0.117487,0.0157119,0.0097902,0.987421,-0.157024,0,0,0,0,-0.0658282,0.714334,-0.662101,0.21683,0.712742,-0.647314,0.263734,0.0585461,-0.371446,0.34503,-0.606924,0.612067,0.250181,-0.583839,0.730183,-0.251742,-0.0435839,0.77926,0.600051,-0.175479,0.729231,-0.590411,-0.21828,-0.268311,-0.310249,0.281028,0.712333,-0.563339,-0.174106,0.64085,0.71342,-0.223674,0.0627461,-0.612062,0.762761,-0.199095,0.242831,-0.537715,-0.152461,0.792875,0.104068,0.72237,-0.0507672,-0.681744,0,0,0,0,-0.0670769,0.656048,0.722394,-0.207965,-0.205369,0.435493,-0.0914788,0.871666,0.14065,0.771589,0.0134171,0.620232,0,0,0,0,0.0156054,0.00765133,0.990648,-0.135334,0,0,0,0,0,0,0,0,0,0,0,0,0,0,0,0,
-0.0120664,0.0102041,0.992514,-0.121108,0.000222838,0.00870393,0.992587,-0.121225,0.0131553,0.0114554,0.986526,-0.162672,0,0,0,0,0.0329228,-0.67842,0.693191,-0.241141,-0.670228,0.631448,-0.384203,0.0667502,0.324787,-0.405589,0.616849,-0.591192,0.201639,-0.549959,0.784752,-0.202611,-0.0324363,0.743952,0.639953,-0.189586,0.680432,-0.581095,-0.0432831,-0.444373,-0.368278,0.283059,0.730612,-0.500455,-0.23941,0.635398,0.690566,-0.249141,0.0615161,-0.616408,0.757985,-0.204247,0.257525,-0.544069,-0.160506,0.782245,0.120141,0.721636,-0.0647021,-0.67869,0,0,0,0,-0.0637688,0.650527,0.727721,-0.207775,-0.216313,0.446249,-0.0990734,0.862702,0.141052,0.720437,0.0298047,0.67837,0,0,0,0,0.0130493,0.00919556,0.989986,-0.140257,0,0,0,0,0,0,0,0,0,0,0,0,0,0,0,0,
-0.00633794,0.00727186,0.991737,-0.127925,0.0043127,0.00589766,0.991748,-0.127995,0.0156377,0.00844294,0.985716,-0.167476,0,0,0,0,0.0299411,-0.648706,0.7169,-0.253649,-0.667378,0.619669,-0.404512,0.083584,0.364369,-0.435824,0.584895,-0.578956,0.231839,-0.603609,0.714266,-0.267824,-0.025707,0.718539,0.665984,-0.198764,0.691846,-0.591326,-0.0732169,-0.407824,-0.346552,0.263369,0.729993,-0.526923,-0.224035,0.668164,0.678337,-0.207906,0.061215,-0.618215,0.754462,-0.211779,0.278678,-0.537899,-0.17533,0.776056,0.122743,0.722143,-0.0643008,-0.677724,0,0,0,0,-0.0564052,0.643825,0.733827,-0.209299,-0.23496,0.454153,-0.116786,0.851411,0.166741,0.694382,0.0398288,0.698888,0,0,0,0,0.0154861,0.00632371,0.989171,-0.14581,0,0,0,0,0,0,0,0,0,0,0,0,0,0,0,0,
0.00207483,0.0165253,0.984713,-0.173386,0.00737602,0.0155916,0.984688,-0.173472,0.0123232,0.0109699,0.984263,-0.175935,0,0,0,0,0.0202714,-0.647826,0.712995,-0.267485,-0.692866,0.661328,-0.285424,-0.0333751,-0.371526,0.376403,-0.581141,0.618518,0.269904,-0.533132,0.749917,-0.283809,-0.0221509,0.727443,0.65231,-0.211726,0.697502,-0.594877,-0.083635,-0.390662,-0.293275,0.23024,0.747352,-0.549949,-0.155719,0.67215,0.685073,-0.233754,0.0420028,-0.5916,0.765551,-0.249352,0.319333,-0.54185,-0.231653,0.742133,0.131295,0.716513,-0.0646728,-0.682047,0,0,0,0,-0.0255298,0.6414,0.729604,-0.235867,-0.302057,0.457626,-0.179662,0.816738,0.136591,0.65042,0.035238,0.746361,0,0,0,0,0.01235,0.0101773,0.986556,-0.162635,0,0,0,0,0,0,0,0,0,0,0,0,0,0,0,0,
0.00736554,0.0117175,0.983441,-0.180697,0.0125481,0.0107651,0.983389,-0.180756,0.0178219,0.0119965,0.975022,-0.221066,0,0,0,0,-0.000803352,-0.675442,0.68108,-0.282679,-0.669825,0.577915,-0.453091,0.109806,-0.530814,0.582708,-0.448325,0.421535,0.297236,-0.542034,0.742591,-0.257699,0.00997187,0.726344,0.648019,-0.228902,0.712483,-0.604934,-0.155017,-0.319988,-0.431457,0.480415,0.634114,-0.425377,-0.471708,0.405955,0.694173,-0.361684,0.0343155,-0.601251,0.757114,-0.253176,0.404575,-0.48094,-0.308804,0.713902,0.118797,0.7217,-0.0230057,-0.681548,0,0,0,0,-0.0129317,0.634178,0.736479,-0.235052,-0.406037,0.440322,-0.250801,0.760493,0.132736,0.69156,0.0274921,0.709486,0,0,0,0,0.017774,0.0102058,0.980145,-0.19722,0,0,0,0,0,0,0,0,0,0,0,0,0,0,0,0,
-0.000133894,0.0157165,0.983091,-0.182444,0.00725757,0.0143444,0.983064,-0.182557,0.0146716,0.0145866,0.975376,-0.219575,0,0,0,0,-0.000793925,-0.671157,0.683832,-0.286219,-0.665559,0.580822,-0.457332,0.102586,-0.422799,0.484294,-0.500587,0.579753,0.379637,-0.496994,0.713779,-0.315265,0.00332366,0.726138,0.64632,-0.234484,0.711414,-0.611534,-0.188586,-0.290433,-0.441736,0.450778,0.622913,-0.462219,-0.410241,0.461305,0.713464,-0.331465,0.02431,-0.601939,0.758281,-0.249175,0.419619,-0.478065,-0.326717,0.69902,0.118536,0.719645,-0.0236025,-0.683742,0,0,0,0,-0.0166569,0.631527,0.737623,-0.238345,-0.42555,0.433509,-0.264476,0.749019,0.139307,0.69316,0.0276895,0.706652,0,0,0,0,0.0147333,0.013259,0.979894,-0.19853,0,0,0,0,0,0,0,0,0,0,0,0,0,0,0,0,
0.0114836,0.0141071,0.982649,-0.184578,0.0130616,0.0138107,0.98263,-0.184601,0.0144912,0.0152813,0.975425,-0.219322,0,0,0,0,-0.0257572,0.683982,-0.677909,0.268223,0.718487,-0.610949,0.332415,-0.00428166,-0.287897,0.24497,-0.646289,0.662884,0.145214,-0.646794,0.715055,-0.221962,-0.00316399,0.730263,0.640765,-0.23691,0.698946,-0.573555,0.00404601,-0.427191,-0.439672,0.431005,0.666537,-0.420299,-0.391196,0.486657,0.703607,-0.339215,0.0314676,-0.601106,0.756078,-0.256957,0.427032,-0.470169,-0.339298,0.693874,0.211225,0.710903,-0.0590436,-0.668217,0,0,0,0,-0.00763383,0.630888,0.73976,-0.233834,-0.437546,0.432725,-0.275916,0.738358,0.140393,0.693688,0.0289668,0.705867,0,0,0,0,0.0145676,0.0140339,0.979727,-0.199315,0,0,0,0,0,0,0,0,0,0,0,0,0,0,0,0,
0.0170587,0.0121525,0.980661,-0.194591,0.0165375,0.012256,0.98067,-0.194584,0.0156379,0.0139339,0.970611,-0.239741,0,0,0,0,-0.020209,-0.607028,0.733842,-0.304277,-0.691215,0.622908,-0.364715,0.0344956,0.389965,-0.431771,0.587729,-0.562206,0.298533,-0.534455,0.722754,-0.320722,0.0422799,0.668868,0.692283,-0.267531,0.720941,-0.583596,-0.051963,-0.37008,-0.400021,0.456846,0.671602,-0.424531,-0.382133,0.464613,0.706877,-0.372067,0.0281773,-0.600361,0.753702,-0.265906,0.444264,-0.488962,-0.332935,0.67283,0.111654,0.720837,-0.0469973,-0.682436,0,0,0,0,0.00290071,0.625407,0.743348,-0.237259,-0.445982,0.444764,-0.283398,0.723166,0.11974,0.692466,0.0353331,0.710567,0,0,0,0,0.0157016,0.0125885,0.976042,-0.21665,0,0,0,0,0,0,0,0,0,0,0,0,0,0,0,0,
0.016285,0.0136864,0.979866,-0.198522,0.0208794,0.0127554,0.979778,-0.198584,0.0253701,0.0136043,0.971236,-0.236373,0,0,0,0,-0.00999521,-0.62045,0.720034,-0.310633,0.731706,-0.650384,0.115815,0.16791,0.233548,-0.176658,0.71424,-0.635696,0.135496,-0.661102,0.719218,-0.165259,0.0450783,0.665105,0.696299,-0.266028,0.718059,-0.616255,-0.13208,-0.295256,-0.409713,0.488601,0.6394,-0.42962,-0.421876,0.442224,0.708619,-0.352587,0.0254399,-0.597633,0.755061,-0.268459,0.453447,-0.484077,-0.345018,0.664092,0.125177,0.72354,-0.0507401,-0.676939,0,0,0,0,0.00389786,0.623558,0.743909,-0.240332,-0.45832,0.437149,-0.29414,0.715769,0.14077,0.686557,0.0397643,0.71221,0,0,0,0,0.0255263,0.0126031,0.975994,-0.215928,0,0,0,0,0,0,0,0,0,0,0,0,0,0,0,0,
0.0129537,0.0145724,0.979463,-0.200681,0.0170125,0.0137407,0.979401,-0.200739,0.0212112,0.0156293,0.971201,-0.236802,0,0,0,0,-0.00194615,-0.612901,0.719663,-0.326241,-0.699941,0.629313,-0.3373,-0.0166404,-0.252675,0.197883,-0.630992,0.70629,0.161344,-0.49944,0.842454,-0.121649,0.0297089,0.675609,0.681131,-0.280591,0.702322,-0.525128,0.114647,-0.466734,-0.423646,0.433386,0.694577,-0.387639,-0.400007,0.469513,0.683211,-0.390864,0.0228842,-0.59335,0.758618,-0.268162,0.45603,-0.476275,-0.357836,0.661175,0.139854,0.71912,-0.0486672,-0.678924,0,0,0,0,0.00350829,0.625181,0.741518,-0.24349,-0.459563,0.442829,-0.300245,0.708912,0.134526,0.689839,0.0406703,0.710191,0,0,0,0,0.0212419,0.0141304,0.975782,-0.217251,0,0,0,0,0,0,0,0,0,0,0,0,0,0,0,0,
0.0138494,0.0147157,0.978718,-0.204213,0.016847,0.0140901,0.978671,-0.204258,0.0200193,0.0165903,0.970297,-0.240514,0,0,0,0,-0.0125774,-0.582118,0.745565,-0.324212,-0.68816,0.637705,-0.346036,0.00526766,0.454967,-0.496748,0.526043,-0.519158,0.467619,-0.474709,0.596518,-0.447382,0.0406092,0.652876,0.70243,-0.280527,0.70236,-0.639348,-0.0876168,-0.300412,-0.38212,0.386515,0.653069,-0.527343,-0.290956,0.419852,0.857669,-0.0589369,0.0209706,-0.588628,0.76174,-0.26987,0.45868,-0.474108,-0.366451,0.656161,0.141401,0.717407,-0.0473742,-0.680507,0,0,0,0,0.00928562,0.628668,0.738266,-0.244242,-0.469313,0.440248,-0.308708,0.700448,0.143046,0.690274,0.0443134,0.707881,0,0,0,0,0.0200039,0.0148738,0.974974,-0.220915,0,0,0,0,0,0,0,0,0,0,0,0,0,0,0,0,
0.00197428,0.0209353,0.979493,-0.20038,0.00977754,0.0193382,0.979446,-0.20054,0.017403,0.0188653,0.970755,-0.238698,0,0,0,0,-0.0190011,-0.571576,0.757659,-0.314471,0.708861,-0.654268,0.259093,0.0481644,0.47257,-0.506151,0.546879,-0.470544,-0.454381,0.527156,-0.511247,0.504253,0.0435626,0.644212,0.712188,-0.275464,0.699682,-0.619551,-0.152273,-0.321581,-0.279678,0.24047,0.717645,-0.590711,-0.174573,0.646887,0.728406,-0.143132,0.0178784,-0.583758,0.767738,-0.263601,0.447453,-0.480584,-0.364304,0.660384,0.154013,0.715247,-0.0531163,-0.679618,0,0,0,0,-0.00521888,0.632529,0.733195,-0.249611,-0.473149,0.441275,-0.302621,0.699876,0.146755,0.691363,0.0511405,0.705595,0,0,0,0,0.0175581,0.0176294,0.975549,-0.218369,0,0,0,0,0,0,0,0,0,0,0,0,0,0,0,0,
-0.0120185,0.0307093,0.979812,-0.197185,-0.00317212,0.0289279,0.97988,-0.197454,0.00465561,0.0250466,0.971484,-0.235733,0,0,0,0,-0.0250922,-0.562698,0.766194,-0.309335,0.71689,-0.664897,0.14034,0.155839,0.0364347,0.0803156,0.732704,-0.674809,0.0938097,0.698225,-0.681701,0.197397,0.0292849,0.659102,0.69712,-0.280625,0.614105,-0.595509,-0.129842,-0.501383,-0.474503,0.385902,0.637566,-0.46844,-0.437168,0.4336,0.704365,-0.353193,0.0145828,-0.565793,0.783569,-0.256292,0.451677,-0.486823,-0.372486,0.648264,0.14205,0.70898,-0.057199,-0.688402,0,0,0,0,-0.0161069,0.648675,0.716827,-0.255185,-0.493762,0.432694,-0.306205,0.689357,0.151618,0.698938,0.054612,0.696789,0,0,0,0,0.00516289,0.0249471,0.97627,-0.215053,0,0,0,0,0,0,0,0,0,0,0,0,0,0,0,0,
0.0108323,0.0288965,0.976408,-0.213719,0.0288844,0.0249398,0.97604,-0.214217,0.0479022,0.0271225,0.963502,-0.261979,0,0,0,0,-0.0240137,-0.557339,0.763527,-0.325305,0.719238,-0.635089,0.276123,0.0558006,0.478116,-0.489955,0.555979,-0.47142,0.461703,-0.508607,0.512341,-0.515417,0.0913337,0.556644,0.778717,-0.274599,0.635877,-0.519821,0.146362,-0.551384,-0.431428,0.42301,0.699482,-0.381652,-0.327097,0.60032,0.657473,-0.316784,0.0110083,-0.584664,0.761844,-0.278639,0.458641,-0.484532,-0.388903,0.63532,0.150351,0.728521,-0.0567518,-0.665906,0,0,0,0,0.00498798,0.628443,0.735367,-0.253515,-0.504563,0.442124,-0.307545,0.674803,0.123459,0.677451,0.0661268,0.722111,0,0,0,0,0.0479326,0.0238871,0.969517,-0.2391,0,0,0,0,0,0,0,0,0,0,0,0,0,0,0,0,
0.00726287,0.0307688,0.976727,-0.212142,0.0184824,0.0283298,0.97658,-0.212481,0.029335,0.0271385,0.966716,-0.252713,0,0,0,0,-0.0356374,-0.539385,0.780478,-0.314083,0.709721,-0.657152,0.237046,0.0908632,-0.312012,0.243664,-0.634992,0.663371,0.194841,-0.581787,0.770478,-0.172988,0.0770712,0.576416,0.765221,-0.276119,0.656482,-0.603321,0.0392676,-0.451102,-0.0756356,0.079413,0.804782,-0.583351,-0.0803585,0.668491,0.738623,0.0331493,0.0122767,-0.575847,0.769489,-0.275927,0.458759,-0.488815,-0.388881,0.631959,0.154047,0.719097,-0.0666844,-0.674331,0,0,0,0,0.00281643,0.63432,0.7301,-0.254135,-0.505076,0.440148,-0.315596,0.671987,0.131488,0.686467,0.0628285,0.712409,0,0,0,0,0.0297954,0.0266718,0.970956,-0.235891,0,0,0,0,0,0,0,0,0,0,0,0,0,0,0,0,
0.0309785,0.0199462,0.974895,-0.219597,0.0498792,0.0156837,0.974111,-0.219943,0.0686009,0.0110052,0.963882,-0.257108,0,0,0,0,-0.00614677,-0.643381,0.689296,-0.333007,0.72087,-0.603324,0.340808,-0.0140421,-0.356257,0.323815,-0.619934,0.619602,0.238099,-0.573604,0.746608,-0.23846,0.0995135,0.548596,0.782391,-0.277497,0.687536,-0.638253,-0.166202,-0.303816,-0.236374,0.237308,0.711516,-0.617703,-0.137524,0.573338,0.799906,-0.111897,0.017058,-0.606754,0.738243,-0.294203,0.47762,-0.478682,-0.405408,0.615131,0.154741,0.734724,-0.0647272,-0.657302,0,0,0,0,0.016609,0.606358,0.754944,-0.249228,-0.51084,0.44359,-0.32118,0.662656,0.120493,0.669957,0.0678604,0.729407,0,0,0,0,0.0693887,0.0117172,0.968815,-0.237584,0,0,0,0,0,0,0,0,0,0,0,0,0,0,0,0,
0.0349988,0.0205466,0.974922,-0.218814,0.0487392,0.0174599,0.974332,-0.219082,0.0619649,0.013785,0.964401,-0.256711,0,0,0,0,-0.0129236,-0.619944,0.71298,-0.327356,-0.69628,0.629421,-0.343534,0.0317406,0.452203,-0.508515,0.577778,-0.450664,0.464653,-0.49928,0.555619,-0.475503,0.0979525,0.546044,0.785313,-0.274817,0.674886,-0.656105,-0.204131,-0.269046,-0.327361,0.519937,0.636465,-0.466275,-0.507656,0.288228,0.718573,-0.377973,0.0206936,-0.601533,0.742103,-0.294978,0.47243,-0.471981,-0.413196,0.619123,-0.220473,-0.629727,0.129249,0.733574,0,0,0,0,0.0198428,0.606279,0.756112,-0.245615,-0.51266,0.444478,-0.323781,0.659382,0.126715,0.672433,0.0713571,0.725731,0,0,0,0,0.0625614,0.0137081,0.969404,-0.236966,0,0,0,0,0,0,0,0,0,0,0,0,0,0,0,0,
0.0696997,0.00811614,0.973735,-0.216602,0.0841952,0.00488906,0.972589,-0.216699,0.0989907,0.00381418,0.961737,-0.255439,0,0,0,0,-0.0589283,0.720563,-0.612007,0.320566,0.708655,-0.604319,0.363281,-0.0251602,0.468359,-0.501369,0.586689,-0.430191,0.454331,-0.523161,0.529559,-0.489339,0.107584,0.541276,0.784917,-0.281693,0.694728,-0.615716,-0.122292,-0.351129,-0.383518,0.463059,0.652464,-0.461282,-0.320857,0.53455,0.667293,-0.407464,0.0453566,-0.631905,0.704818,-0.319171,0.496701,-0.456822,-0.423988,0.604017,-0.223545,-0.634942,0.129961,0.728001,0,0,0,0,0.0290307,0.575792,0.783121,-0.233114,-0.515277,0.446347,-0.333192,0.651342,0.135789,0.654445,0.0806608,0.73943,0,0,0,0,0.0994671,0.00309195,0.966994,-0.234561,0,0,0,0,0,0,0,0,0,0,0,0,0,0,0,0,
0.0778258,0.00448709,0.969852,-0.230891,0.0872399,0.0022448,0.96905,-0.230924,0.0957377,-0.000811297,0.955337,-0.279581,0,0,0,0,-0.00981905,-0.60971,0.710922,-0.350352,-0.702079,0.603696,-0.376024,0.0352476,0.457298,-0.498894,0.591102,-0.438841,0.443235,-0.520513,0.539195,-0.49181,0.146971,0.485054,0.81949,-0.267503,0.68195,-0.630157,-0.14381,-0.342294,-0.370819,0.399445,0.655731,-0.52245,-0.251289,0.560751,0.76504,-0.192679,0.0415187,-0.618257,0.713215,-0.327657,0.500171,-0.470763,-0.41838,0.59428,0.152039,0.745119,-0.0697682,-0.645612,0,0,0,0,0.0518535,0.576888,0.780438,-0.235431,-0.512536,0.43787,-0.346608,0.652257,0.151709,0.65299,0.0735701,0.73836,0,0,0,0,0.0964144,-0.000665997,0.961279,-0.258162,0,0,0,0,0,0,0,0,0,0,0,0,0,0,0,0,
0.0824718,0.00473389,0.968304,-0.23572,0.0884112,0.00328756,0.96778,-0.235744,0.0931899,0.000416556,0.956207,-0.27746,0,0,0,0,-0.00766389,-0.617822,0.702556,-0.35306,-0.703402,0.606076,-0.36952,0.0367855,0.461456,-0.502411,0.591992,-0.429169,0.447638,-0.52493,0.529088,-0.494099,0.140058,0.493552,0.813503,-0.273866,0.604178,-0.49008,0.211232,-0.591753,-0.461694,0.454591,0.682362,-0.338478,-0.472131,0.433841,0.694636,-0.326122,0.0400786,-0.612269,0.716952,-0.330909,0.499919,-0.470885,-0.423484,0.59077,0.162508,0.742621,-0.0760364,-0.645232,0,0,0,0,0.0606466,0.57508,0.781388,-0.234603,-0.515498,0.43643,-0.353409,0.647219,0.15791,0.653185,0.0756433,0.736676,0,0,0,0,0.0939068,0.000807782,0.961808,-0.257113,0,0,0,0,0,0,0,0,0,0,0,0,0,0,0,0,
0.0931006,0.00344339,0.966148,-0.240578,0.0884044,0.00461245,0.966589,-0.240559,0.0822045,0.00548956,0.957006,-0.278122,0,0,0,0,-0.0128651,-0.600485,0.717527,-0.352715,-0.658494,0.601933,-0.440854,0.0985372,0.433704,-0.516442,0.546089,-0.496967,0.462145,-0.455079,0.655687,-0.386523,0.12867,0.487356,0.814987,-0.285874,0.646521,-0.505724,0.180643,-0.541869,-0.423471,0.413104,0.710987,-0.380152,-0.319544,0.692372,0.521296,-0.383097,0.0415554,-0.60813,0.717554,-0.336999,0.507553,-0.470587,-0.425908,0.582701,0.16256,0.737618,-0.0842838,-0.649916,0,0,0,0,0.075603,0.57471,0.781694,-0.230105,-0.517241,0.438688,-0.360457,0.640379,0.160829,0.657911,0.078542,0.731518,0,0,0,0,0.08279,0.00548326,0.962244,-0.259236,0,0,0,0,0,0,0,0,0,0,0,0,0,0,0,0,
0.089918,0.00191142,0.965684,-0.243648,0.0892709,0.00207469,0.965745,-0.243647,0.0875634,0.00220381,0.956084,-0.279699,0,0,0,0,-0.00865896,-0.61742,0.699906,-0.358956,0.743562,-0.603699,0.285009,0.037849,-0.295732,0.235081,-0.678394,0.630128,0.158327,-0.661231,0.701562,-0.213347,0.131036,0.484589,0.814619,-0.290515,0.63755,-0.5412,0.146289,-0.528424,0.0770819,0.0779635,0.812577,-0.57245,0.238738,0.456543,0.815927,-0.262364,0.0356165,-0.612047,0.714667,-0.336719,0.509452,-0.467538,-0.429792,0.580643,0.162144,0.7406,-0.0811024,-0.647027,0,0,0,0,0.0745147,0.567953,0.785535,-0.234121,-0.523991,0.454874,-0.352035,0.628168,0.138399,0.656747,0.0937295,0.735353,0,0,0,0,0.0881181,0.00219876,0.9613,-0.261022,0,0,0,0,0,0,0,0,0,0,0,0,0,0,0,0,
0.0870428,0.00307841,0.965332,-0.246066,0.0803375,0.00478701,0.965913,-0.246039,0.0724412,0.00776456,0.956408,-0.282801,0,0,0,0,-0.021876,-0.584022,0.731969,-0.35023,0.752724,-0.614667,0.219348,0.0864721,0.0527,0.173673,0.729566,-0.659389,0.0860739,-0.667061,0.721469,-0.164632,0.123207,0.484656,0.815083,-0.292522,0.643812,-0.524899,0.163437,-0.532237,-0.366231,0.395816,0.724997,-0.428468,-0.240097,0.572017,0.783252,-0.0408145,0.0324474,-0.607413,0.719152,-0.335883,0.507546,-0.477827,-0.426364,0.576448,0.15563,0.734908,-0.0909938,-0.653766,0,0,0,0,0.077068,0.574221,0.780173,-0.235923,-0.525733,0.4557,-0.353307,0.625393,0.135967,0.663959,0.0928591,0.729417,0,0,0,0,0.0728504,0.00715684,0.961828,-0.263683,0,0,0,0,0,0,0,0,0,0,0,0,0,0,0,0,
0.087017,0.00142436,0.964565,-0.249079,0.0806538,0.00306699,0.965118,-0.249064,0.0731721,0.00587946,0.955774,-0.284793,0,0,0,0,-0.0231095,-0.58077,0.734101,-0.351094,0.73808,-0.621958,0.255831,0.0543711,-0.30185,0.251174,-0.672623,0.627197,0.165675,-0.654751,0.70532,-0.215353,0.126212,0.481464,0.816658,-0.292118,0.654799,-0.610172,0.0523155,-0.442936,0.00827473,-0.0259538,0.818138,-0.574376,0.283841,0.648567,0.654439,-0.265527,0.0305397,-0.606756,0.71919,-0.337165,0.510212,-0.477517,-0.428076,0.573073,0.151917,0.735648,-0.0908801,-0.653823,0,0,0,0,0.079256,0.570912,0.781746,-0.238015,-0.516881,0.445762,-0.364986,0.633178,0.158032,0.660663,0.0838934,0.729049,0,0,0,0,0.0735612,0.0053295,0.961152,-0.265984,0,0,0,0,0,0,0,0,0,0,0,0,0,0,0,0,
0.0887909,0.00203655,0.962307,-0.257054,0.0708476,0.00682515,0.963794,-0.256971,0.0512665,0.0149505,0.953466,-0.296733,0,0,0,0,-0.0478779,-0.53243,0.77367,-0.340089,0.716715,-0.657845,0.204204,0.108906,0.453442,-0.491419,0.574726,-0.471793,0.472537,-0.452952,0.641602,-0.399862,0.119507,0.485807,0.813526,-0.296455,0.668269,-0.538819,0.130958,-0.495924,-0.434263,0.434461,0.681081,-0.398483,-0.348327,0.522432,0.753735,-0.193949,0.029856,-0.59247,0.728843,-0.341871,0.510403,-0.479615,-0.429267,0.570253,0.148117,0.7271,-0.0944395,-0.663678,0,0,0,0,0.0925382,0.583728,0.770157,-0.23991,-0.523841,0.440985,-0.374664,0.625099,0.15699,0.66964,0.0794953,0.721538,0,0,0,0,0.051476,0.0135387,0.959523,-0.276555,0,0,0,0,0,0,0,0,0,0,0,0,0,0,0,0,
0.0833042,0.00171947,0.961092,-0.263362,0.053574,0.00985455,0.963207,-0.263183,0.0221749,0.0223405,0.954108,-0.297803,0,0,0,0,-0.0559909,-0.522442,0.773717,-0.353951,0.738368,-0.638662,0.16287,0.142822,-0.273517,0.198605,-0.699146,0.630031,0.147986,-0.664553,0.708907,-0.184176,0.088025,0.564776,0.754673,-0.3221,0.699987,-0.589354,0.0440701,-0.40092,0.825726,-0.564027,0.000304486,0.00705663,-0.22,0.661756,0.683044,0.217093,0.0260276,-0.579299,0.739567,-0.341725,0.50991,-0.47786,-0.440674,0.563425,0.146553,0.71103,-0.0966701,-0.680891,0,0,0,0,0.0996063,0.594697,0.759366,-0.244494,-0.534408,0.437193,-0.382265,0.614121,0.161528,0.68563,0.08045,0.705229,0,0,0,0,0.0221278,0.0204242,0.959773,-0.279158,0,0,0,0,0,0,0,0,0,0,0,0,0,0,0,0,
0.078686,0.00223162,0.96034,-0.267488,0.0503923,0.010102,0.96224,-0.267307,0.0204961,0.0220978,0.953421,-0.300133,0,0,0,0,-0.0648451,-0.513382,0.782836,-0.345545,0.738827,-0.637543,0.166731,0.140979,-0.256335,0.175771,-0.705243,0.637205,0.123216,-0.685067,0.691782,-0.192194,0.0947036,0.552283,0.765063,-0.317324,0.663861,-0.479487,0.20738,-0.53514,-0.450172,0.461081,0.685161,-0.339564,-0.498515,0.390986,0.695371,-0.339221,0.0198929,-0.574926,0.743575,-0.340824,0.511673,-0.473075,-0.447867,0.560183,0.149681,0.710319,-0.0949276,-0.681198,0,0,0,0,0.101763,0.596314,0.75657,-0.248306,-0.537209,0.431885,-0.391904,0.609338,0.172088,0.683973,0.081176,0.704256,0,0,0,0,0.0204306,0.0202423,0.958925,-0.282199,0,0,0,0,0,0,0,0,0,0,0,0,0,0,0,0,
0.07949,0.00213417,0.960245,-0.267592,0.0527601,0.0095736,0.962084,-0.267429,0.0244453,0.0208861,0.953533,-0.299569,0,0,0,0,-0.0620012,-0.516397,0.780642,-0.346538,0.736649,-0.64253,0.148637,0.149702,-0.28041,0.206044,-0.696754,0.627256,-0.143655,0.68601,-0.683913,0.202524,0.0973905,0.545586,0.770033,-0.31607,0.688529,-0.596354,0.0455674,-0.410138,0.0503328,-0.0465094,0.82101,-0.566786,-0.0505926,0.698641,0.707863,0.0909424,0.0198091,-0.575449,0.743048,-0.341097,0.512718,-0.475514,-0.446385,0.558343,0.14598,0.712643,-0.0960734,-0.679412,0,0,0,0,0.102367,0.595236,0.757488,-0.247846,-0.537725,0.441446,-0.384605,0.606677,0.204371,0.712633,0.0978764,0.663933,0,0,0,0,0.0244033,0.0191205,0.958927,-0.281952,0,0,0,0,0,0,0,0,0,0,0,0,0,0,0,0,
0.0609192,0.0077602,0.959702,-0.274228,0.0409957,0.0134478,0.960759,-0.274008,0.0197265,0.023043,0.951109,-0.307363,0,0,0,0,-0.07856,-0.479863,0.808899,-0.330517,0.733017,-0.647949,0.122746,0.166675,0.463979,-0.505102,0.587473,-0.4295,0.471892,-0.501176,0.562298,-0.458215,0.109457,0.521878,0.789356,-0.30427,0.720477,-0.618565,-0.0814609,-0.302745,0.0561522,-0.0742169,0.785821,-0.611411,-0.00110228,0.719544,0.693593,0.0343901,0.00307275,-0.567914,0.751457,-0.335823,0.515295,-0.473387,-0.454305,0.551346,0.145893,0.711867,-0.0971512,-0.68009,0,0,0,0,0.0954719,0.602943,0.747733,-0.261226,-0.547989,0.437141,-0.389023,0.597726,0.209964,0.752363,0.0876827,0.618204,0,0,0,0,0.0196716,0.0212077,0.956766,-0.289418,0,0,0,0,0,0,0,0,0,0,0,0,0,0,0,0,
0.0622472,0.0124129,0.958722,-0.277169,0.0464041,0.0169891,0.95962,-0.276927,0.0332644,0.0400758,0.947378,-0.315851,0,0,0,0,-0.0841547,-0.505526,0.792903,-0.329646,0.732648,-0.647779,0.155203,0.139717,0.460645,-0.46689,0.58858,-0.472645,0.40314,-0.533421,0.620466,-0.409831,0.120053,0.496995,0.803116,-0.305922,0.731397,-0.580619,-0.0184449,-0.357212,-0.381005,0.439691,0.685798,-0.43725,-0.251302,0.641991,0.570169,-0.446768,-0.000768026,-0.567203,0.750808,-0.338479,0.51187,-0.470776,-0.457852,0.553832,0.156057,0.71778,-0.0954527,-0.671809,0,0,0,0,0.0961234,0.601005,0.748771,-0.26248,-0.539617,0.424897,-0.399063,0.607474,0.173059,0.673219,0.0780062,0.714662,0,0,0,0,0.0320735,0.0334028,0.953869,-0.29663,0,0,0,0,0,0,0,0,0,0,0,0,0,0,0,0,
0.0626807,0.0175248,0.958233,-0.278484,0.0446215,0.0227669,0.959244,-0.278105,0.0291238,0.0477598,0.947515,-0.314779,0,0,0,0,-0.0898577,-0.504718,0.794906,-0.324513,0.715719,-0.661348,0.204222,0.093056,0.407004,-0.449328,0.604972,-0.516199,0.361202,-0.457159,0.757825,-0.293668,0.113548,0.48628,0.808908,-0.310334,0.731261,-0.593446,-0.048243,-0.332794,-0.422058,0.472611,0.652685,-0.41534,-0.396196,0.509928,0.629313,-0.432397,-0.0034652,-0.565549,0.751447,-0.339808,0.511197,-0.471122,-0.458437,0.553676,0.158517,0.71631,-0.0975056,-0.672506,0,0,0,0,0.0952472,0.600945,0.748726,-0.263062,-0.543134,0.427605,-0.396282,0.604252,0.160684,0.676091,0.0773856,0.714908,0,0,0,0,0.0286895,0.0432675,0.953469,-0.296987,0,0,0,0,0,0,0,0,0,0,0,0,0,0,0,0,
0.0627497,0.020117,0.957988,-0.279137,0.0454195,0.0251603,0.958965,-0.278728,0.0297352,0.0468502,0.947778,-0.314065,0,0,0,0,-0.0875093,-0.504165,0.794714,-0.32648,0.715219,-0.662264,0.191625,0.114663,0.335346,-0.340184,0.643967,-0.597599,0.235575,-0.522891,0.798011,-0.185119,0.112042,0.481645,0.811148,-0.312255,0.730897,-0.599416,-0.0625465,-0.320278,-0.423222,0.479172,0.647143,-0.41531,-0.394977,0.519637,0.620116,-0.435232,-0.00512762,-0.565107,0.751521,-0.340359,0.514101,-0.474851,-0.45521,0.550454,0.164402,0.71648,-0.108997,-0.66914,0,0,0,0,0.0946028,0.600518,0.749024,-0.263424,-0.545113,0.430472,-0.393254,0.602409,0.195302,0.6241,0.117117,0.747422,0,0,0,0,0.0296601,0.0435603,0.953545,-0.296604,0,0,0,0,0,0,0,0,0,0,0,0,0,0,0,0,
0.0732333,0.0188895,0.957046,-0.279899,0.0520248,0.0250823,0.958433,-0.279412,0.0314281,0.0455525,0.947874,-0.313804,0,0,0,0,-0.0848621,-0.505367,0.793206,-0.328978,0.708562,-0.659971,0.0775455,0.237413,0.399771,-0.391731,0.627445,-0.541334,0.31498,-0.494707,0.78115,-0.214144,0.112257,0.479428,0.812052,-0.313239,0.730163,-0.605567,-0.0790809,-0.306427,-0.42154,0.482314,0.64372,-0.418691,-0.396162,0.518984,0.616319,-0.440297,-0.00147752,-0.568439,0.746767,-0.345273,0.514909,-0.474041,-0.457289,0.548671,0.135641,0.72256,-0.0881013,-0.672121,0,0,0,0,0.103585,0.598808,0.751198,-0.257683,-0.545986,0.431944,-0.392721,0.60091,0.149801,0.674897,0.0801893,0.718083,0,0,0,0,0.0314765,0.0426944,0.953585,-0.296416,0,0,0,0,0,0,0,0,0,0,0,0,0,0,0,0,
0.0707701,0.0215489,0.956912,-0.280797,0.0523285,0.0269526,0.958097,-0.28033,0.0338244,0.0433819,0.947992,-0.313504,0,0,0,0,-0.0811224,-0.510622,0.788445,-0.333226,0.711436,-0.660988,0.0933382,0.219641,0.375889,-0.368157,0.640086,-0.559873,0.281496,-0.512557,0.782668,-0.21325,0.111897,0.47588,0.813001,-0.316301,0.727349,-0.615549,-0.10541,-0.284519,-0.40299,0.480513,0.647076,-0.433589,-0.321353,0.628868,0.520792,-0.479618,-0.0061353,-0.569818,0.746111,-0.344366,0.508496,-0.463721,-0.467741,0.554629,0.176019,0.718436,-0.0970654,-0.665917,0,0,0,0,0.100633,0.595468,0.753572,-0.259654,-0.546146,0.430215,-0.394968,0.600533,0.15637,0.671412,0.0823305,0.719705,0,0,0,0,0.0339813,0.0409647,0.953601,-0.296331,0,0,0,0,0,0,0,0,0,0,0,0,0,0,0,0,
0.0719466,0.0225257,0.956777,-0.280881,0.0514,0.0285475,0.9581,-0.280333,0.0302636,0.0445661,0.948315,-0.312723,0,0,0,0,-0.0807331,-0.508492,0.789138,-0.334933,0.709462,-0.664737,0.103524,0.209932,0.404296,-0.415834,0.615528,-0.533621,0.341809,-0.44931,0.795021,-0.221876,0.105608,0.475546,0.811795,-0.322014,0.725011,-0.622569,-0.128497,-0.265055,-0.434385,0.501162,0.621472,-0.417036,-0.413552,0.527907,0.60991,-0.422254,-0.00547857,-0.568638,0.746687,-0.345079,0.515985,-0.473011,-0.459699,0.546531,0.154604,0.720092,-0.101609,-0.668761,0,0,0,0,0.101411,0.59579,0.753464,-0.258924,-0.54271,0.424528,-0.400154,0.60425,0.167586,0.671561,0.0778506,0.717537,0,0,0,0,0.0304901,0.0424,0.953851,-0.295705,0,0,0,0,0,0,0,0,0,0,0,0,0,0,0,0,
0.0704663,0.0242364,0.956739,-0.281243,0.0509386,0.0299674,0.957977,-0.28069,0.0306095,0.0447957,0.948283,-0.312755,0,0,0,0,-0.080102,-0.506331,0.790343,-0.335516,0.713997,-0.67112,0.15099,0.130419,0.363379,-0.409846,0.630043,-0.55048,0.290874,-0.431444,0.832213,-0.191497,0.105495,0.47321,0.813064,-0.322289,0.681542,-0.643865,-0.162417,-0.307504,-0.409503,0.452218,0.615314,-0.499194,-0.354963,0.463327,0.76362,-0.276068,-0.00708314,-0.567806,0.747484,-0.344695,0.513448,-0.471311,-0.462702,0.547854,0.142155,0.722526,-0.0880293,-0.67082,0,0,0,0,0.0998908,0.595977,0.753152,-0.259991,-0.544632,0.426383,-0.397914,0.602692,0.162857,0.671712,0.0793879,0.718316,0,0,0,0,0.0308956,0.0428221,0.953768,-0.295868,0,0,0,0,0,0,0,0,0,0,0,0,0,0,0,0,
0.0682137,0.0190948,0.956497,-0.283012,0.0524689,0.0237481,0.95749,-0.28266,0.0287351,0.0106573,0.946976,-0.31984,0,0,0,0,-0.0775671,-0.480266,0.805726,-0.337835,0.708678,-0.549864,-0.172074,0.407205,0.445846,-0.502916,0.628613,-0.391335,-0.488658,0.47807,-0.517953,0.514185,0.122191,0.479323,0.812602,-0.308215,0.693448,-0.609197,-0.0890649,-0.374267,-0.412524,0.471034,0.642489,-0.441768,-0.385016,0.468659,0.724531,-0.327378,-0.00731483,-0.567775,0.747658,-0.344362,0.513549,-0.46984,-0.463844,0.548056,0.145458,0.722248,-0.0885615,-0.670341,0,0,0,0,0.101491,0.594567,0.753199,-0.262453,-0.547394,0.430513,-0.394729,0.599339,0.207967,0.68895,0.102231,0.686765,0,0,0,0,0.0319852,0.0194984,0.952752,-0.301432,0,0,0,0,0,0,0,0,0,0,0,0,0,0,0,0,
0.0668338,0.0205078,0.956637,-0.282768,0.0514025,0.0250638,0.957591,-0.2824,0.0323494,0.0259918,0.948717,-0.313391,0,0,0,0,-0.0750711,-0.488897,0.799708,-0.340311,0.69577,-0.509569,-0.23183,0.45,0.432262,-0.503106,0.642682,-0.383399,-0.49491,0.46462,-0.501198,0.536649,0.116641,0.481506,0.810214,-0.31321,0.703793,-0.639013,-0.152708,-0.270218,-0.297209,0.420113,0.67918,-0.523341,-0.244741,0.290424,0.914228,-0.14122,-0.00820582,-0.566503,0.749003,-0.343513,0.508096,-0.464821,-0.468202,0.553685,-0.202915,-0.691796,0.127137,0.681234,0,0,0,0,0.100024,0.595011,0.752886,-0.262905,-0.547532,0.431806,-0.393373,0.599175,0.146619,0.673055,0.0801711,0.720467,0,0,0,0,0.0327858,0.0256514,0.953513,-0.298463,0,0,0,0,0,0,0,0,0,0,0,0,0,0,0,0,
0.0650816,0.0169883,0.956945,-0.28237,0.0492966,0.0216412,0.957887,-0.282052,0.0294827,0.0207883,0.949388,-0.312026,0,0,0,0,-0.0716677,-0.473283,0.80863,-0.34203,0.647397,-0.431592,-0.341318,0.52736,0.476931,-0.49205,0.650319,-0.327886,-0.453145,0.523429,-0.431743,0.578169,0.115596,0.48962,0.806415,-0.310814,0.703426,-0.641317,-0.164772,-0.25837,-0.3319,0.450551,0.660639,-0.500403,-0.309314,0.251631,0.908119,-0.127777,-0.00647562,-0.565148,0.750611,-0.34227,0.513418,-0.473619,-0.459863,0.548281,0.145712,0.721549,-0.093472,-0.670372,0,0,0,0,0.100276,0.59586,0.751957,-0.263545,-0.550336,0.435803,-0.388929,0.596608,0.189464,0.705337,0.0974494,0.676096,0,0,0,0,0.0299917,0.0209618,0.954174,-0.297006,0,0,0,0,0,0,0,0,0,0,0,0,0,0,0,0,
0.0616527,0.0132645,0.957793,-0.280456,0.0497971,0.0167336,0.958483,-0.28027,0.0350069,0.0167567,0.950072,-0.309607,0,0,0,0,-0.0635101,-0.475078,0.806659,-0.345789,0.719126,-0.665464,0.136341,0.146376,0.403865,-0.44824,0.612525,-0.510673,0.363987,-0.408619,0.80651,-0.223798,0.118282,0.489913,0.807162,-0.307384,0.691611,-0.640074,-0.179159,-0.282632,-0.366975,0.472114,0.638714,-0.484233,-0.382875,0.312862,0.835063,-0.241234,-0.00441556,-0.566291,0.750832,-0.339921,0.507697,-0.472816,-0.45786,0.555926,0.196728,0.69854,-0.128428,-0.675904,0,0,0,0,0.0959537,0.594209,0.753235,-0.265227,-0.545121,0.439227,-0.383873,0.602133,0.193382,0.686286,0.10565,0.693147,0,0,0,0,0.0353433,0.0164239,0.954988,-0.294074,0,0,0,0,0,0,0,0,0,0,0,0,0,0,0,0,
0.0501348,0.0152564,0.958585,-0.279945,0.0382817,0.0187157,0.959131,-0.279735,0.024104,0.0208216,0.950437,-0.309281,0,0,0,0,-0.0726937,-0.461153,0.817559,-0.33712,0.662458,-0.480533,-0.284461,0.49932,0.458098,-0.48598,0.648656,-0.364986,-0.457186,0.501831,-0.485873,0.550521,0.111824,0.499412,0.802487,-0.306752,0.699309,-0.631983,-0.161615,-0.29231,-0.380933,0.47735,0.639773,-0.466602,-0.408251,0.334924,0.806062,-0.267246,-0.00972154,-0.559003,0.759105,-0.333437,0.502897,-0.474289,-0.453989,0.562173,0.156195,0.716836,-0.0910563,-0.673393,0,0,0,0,0.0893461,0.598749,0.74871,-0.270093,-0.539208,0.432509,-0.389726,0.608527,0.144158,0.678266,0.0717129,0.71696,0,0,0,0,0.0243092,0.0200306,0.955481,-0.293368,0,0,0,0,0,0,0,0,0,0,0,0,0,0,0,0,
0.0369483,0.0153435,0.960625,-0.274954,0.0293594,0.0175149,0.960887,-0.274824,0.0203626,0.0194882,0.952693,-0.302625,0,0,0,0,-0.0674054,-0.465575,0.813663,-0.341538,0.633465,-0.436072,-0.343321,0.539161,0.440326,-0.469354,0.676498,-0.358009,-0.430247,0.490843,-0.467956,0.5958,0.102575,0.519827,0.789188,-0.31055,0.697985,-0.644984,-0.219533,-0.220495,-0.358668,0.479859,0.639376,-0.481966,-0.384481,0.273987,0.858604,-0.19976,-0.0141418,-0.558986,0.763346,-0.323478,0.490802,-0.474759,-0.454348,0.572088,-0.200441,-0.643979,0.13923,0.725072,0,0,0,0,0.0776383,0.603008,0.745231,-0.273831,-0.544206,0.449327,-0.371019,0.603565,0.128946,0.684596,0.0891426,0.711867,0,0,0,0,0.0204164,0.0183501,0.957544,-0.286977,0,0,0,0,0,0,0,0,0,0,0,0,0,0,0,0,
0.0322422,0.0167052,0.9628,-0.267765,0.0280318,0.0178759,0.962932,-0.267689,0.0232988,0.0209199,0.955002,-0.294943,0,0,0,0,-0.0555023,-0.491428,0.794954,-0.351377,0.71709,-0.592377,-0.0993979,0.353541,0.44409,-0.491215,0.622119,-0.417683,0.459874,-0.48626,0.55734,-0.491365,0.0917675,0.537885,0.77526,-0.318166,0.695266,-0.644051,-0.217959,-0.233019,-0.410201,0.509044,0.607137,-0.451657,-0.433101,0.321725,0.822274,-0.18106,-0.0129938,-0.564234,0.762118,-0.31725,0.496325,-0.501502,-0.429302,0.563788,0.138676,0.717496,-0.108212,-0.673987,0,0,0,0,0.0680888,0.606606,0.743784,-0.272358,-0.525325,0.436714,-0.378497,0.624544,0.163336,0.67901,0.0756186,0.711723,0,0,0,0,0.0232526,0.0192947,0.959772,-0.279151,0,0,0,0,0,0,0,0,0,0,0,0,0,0,0,0,
0.0485905,0.0118856,0.961755,-0.269303,0.0401974,0.0142348,0.962143,-0.26919,0.0310324,0.019338,0.953526,-0.299083,0,0,0,0,-0.0537146,-0.484131,0.799666,-0.351093,0.713373,-0.610425,-0.069788,0.337062,0.432377,-0.493345,0.618624,-0.432395,0.471252,-0.460832,0.581415,-0.476982,0.102059,0.514556,0.791592,-0.313366,0.687008,-0.656157,-0.194252,-0.244425,-0.553359,0.621262,0.466787,-0.299895,-0.408604,0.22276,0.88126,-0.0824692,-0.00475543,-0.572091,0.752464,-0.326324,0.47436,-0.515323,-0.417177,0.579127,0.13645,0.720658,-0.102713,-0.671926,0,0,0,0,0.0804677,0.600541,0.750128,-0.264919,-0.504503,0.45131,-0.359053,0.642555,0.159007,0.676524,0.077842,0.714824,0,0,0,0,0.0310382,0.0177644,0.958601,-0.282499,0,0,0,0,0,0,0,0,0,0,0,0,0,0,0,0,
0.0245035,0.0196902,0.961665,-0.27242,0.0231776,0.0200658,0.961698,-0.272393,0.021691,0.023235,0.952577,-0.302632,0,0,0,0,-0.0672181,-0.46129,0.817523,-0.338157,0.705234,-0.621895,-0.0594616,0.335195,0.428603,-0.502757,0.609671,-0.437991,0.483915,-0.45214,0.583895,-0.469535,0.102093,0.507856,0.797613,-0.308988,0.694734,-0.630236,-0.101759,-0.331348,-0.413019,0.511271,0.618479,-0.430698,-0.489093,0.302095,0.787833,-0.22101,-0.024352,-0.564739,0.762139,-0.315628,0.451091,-0.521691,-0.410431,0.596576,0.165215,0.71201,-0.111454,-0.673293,0,0,0,0,0.0667909,0.607498,0.740833,-0.278659,-0.492532,0.45904,-0.348487,0.652113,0.154507,0.681003,0.0762976,0.711717,0,0,0,0,0.0216931,0.021611,0.957789,-0.285837,0,0,0,0,0,0,0,0,0,0,0,0,0,0,0,0,
0.0408899,0.0154686,0.962738,-0.266879,0.0393982,0.0158821,0.9628,-0.266854,0.0376377,0.0188464,0.95405,-0.296678,0,0,0,0,-0.0487272,-0.498445,0.791109,-0.351177,0.720076,-0.655732,0.0654732,0.217303,0.426645,-0.511697,0.600164,-0.442655,0.482228,-0.457219,0.591647,-0.456466,0.104465,0.504461,0.798376,-0.311773,0.692012,-0.648932,-0.115703,-0.294311,-0.269695,0.410152,0.67985,-0.544834,-0.248121,0.168069,0.950645,-0.0803933,-0.0117786,-0.579235,0.749089,-0.32127,0.444209,-0.526999,-0.402577,0.602397,0.114842,0.727045,-0.0729514,-0.672974,0,0,0,0,0.0699202,0.597988,0.752059,-0.268196,-0.484162,0.48181,-0.328779,0.652189,0.117348,0.678613,0.0832495,0.720266,0,0,0,0,0.0377326,0.0174486,0.959123,-0.279919,0,0,0,0,0,0,0,0,0,0,0,0,0,0,0,0,
0.0422906,0.0140749,0.961873,-0.26984,0.0424672,0.0140253,0.961865,-0.269842,0.0427533,0.0172181,0.953276,-0.298565,0,0,0,0,-0.0476429,-0.499044,0.790338,-0.352208,0.707809,-0.501737,-0.225442,0.443219,0.42467,-0.489169,0.659379,-0.381561,-0.446043,0.486559,-0.47836,0.579204,0.111427,0.496682,0.803475,-0.308737,0.703841,-0.644136,-0.154635,-0.256485,0.0106229,-0.0125397,0.749481,-0.661822,-0.0115354,0.683535,0.729542,0.0203642,-0.013245,-0.581695,0.74596,-0.324037,0.441222,-0.525576,-0.403259,0.605371,0.115072,0.729511,-0.0676708,-0.670815,0,0,0,0,0.0724975,0.595559,0.753155,-0.269837,-0.473768,0.472111,-0.336733,0.662771,0.141276,0.672077,0.0755749,0.72294,0,0,0,0,0.0427784,0.0156336,0.958231,-0.282345,0,0,0,0,0,0,0,0,0,0,0,0,0,0,0,0,
0.0108726,0.0197823,0.96648,-0.255749,0.0116337,0.0195809,0.966471,-0.255764,0.0126142,0.0224553,0.958383,-0.284322,0,0,0,0,-0.0584838,-0.49091,0.801065,-0.337464,0.682311,-0.590837,-0.145404,0.405242,0.423348,-0.492973,0.620114,-0.43956,0.443154,-0.483239,0.564413,-0.50153,0.0788137,0.556192,0.766232,-0.311973,0.703713,-0.642329,-0.148082,-0.26509,-0.411438,0.513664,0.613478,-0.436478,-0.42436,0.48716,0.648228,-0.402982,-0.0221923,-0.567038,0.767977,-0.296962,0.412395,-0.545772,-0.382306,0.621213,0.11735,0.712877,-0.0749218,-0.68733,0,0,0,0,0.0494198,0.619173,0.734155,-0.274225,-0.461552,0.475366,-0.323867,0.675357,0.138561,0.690659,0.0679469,0.706523,0,0,0,0,0.0125228,0.0206571,0.963258,-0.26749,0,0,0,0,0,0,0,0,0,0,0,0,0,0,0,0,
0.015963,0.0186471,0.966672,-0.254838,0.0203008,0.0175033,0.966591,-0.254919,0.0249839,0.019222,0.957669,-0.28614,0,0,0,0,-0.047785,-0.513209,0.78333,-0.347458,0.719261,-0.6617,0.0690235,0.20013,0.419927,-0.517786,0.599375,-0.443068,0.465645,-0.475021,0.58727,-0.461134,0.0854645,0.551287,0.768565,-0.313188,0.693247,-0.660706,-0.175217,-0.22842,-0.266896,0.414826,0.672797,-0.551389,-0.221029,0.202156,0.951235,-0.0736968,-0.0191887,-0.579248,0.757346,-0.300884,0.408462,-0.55777,-0.371169,0.619908,0.116902,0.718901,-0.0870182,-0.679664,0,0,0,0,0.0469139,0.612086,0.740599,-0.273245,-0.448862,0.482339,-0.315292,0.682981,0.134464,0.684858,0.0683654,0.712892,0,0,0,0,0.0249634,0.0175809,0.962713,-0.268796,0,0,0,0,0,0,0,0,0,0,0,0,0,0,0,0,
0.00973491,0.0182789,0.968767,-0.247105,0.0179836,0.0161741,0.968649,-0.247252,0.0268617,0.0162693,0.960519,-0.276437,0,0,0,0,-0.0539225,-0.474468,0.819969,-0.315632,0.691888,-0.633757,-0.0628238,0.340142,0.417746,-0.516814,0.598881,-0.446914,0.461864,-0.476675,0.583177,-0.468366,0.100442,0.523562,0.799092,-0.277931,0.690931,-0.657186,-0.140934,-0.266191,-0.400057,0.515486,0.605607,-0.455488,-0.405965,0.496718,0.642942,-0.418438,-0.015455,-0.583274,0.756779,-0.294683,0.397751,-0.560978,-0.359017,0.631034,0.117139,0.723346,-0.08274,-0.675428,0,0,0,0,0.0340011,0.61184,0.741429,-0.273459,-0.433345,0.48598,-0.300778,0.696827,0.13278,0.680951,0.0664076,0.717123,0,0,0,0,0.0268563,0.014834,0.965174,-0.259802,0,0,0,0,0,0,0,0,0,0,0,0,0,0,0,0,
-0.00425236,0.0261764,0.970241,-0.240684,0.00725079,0.0233211,0.970223,-0.240977,0.0193199,0.0224806,0.961163,-0.274386,0,0,0,0,-0.058959,-0.487104,0.813703,-0.311674,0.684731,-0.679338,0.0270522,0.262512,0.150578,-0.117506,0.722666,-0.664284,0.0766145,-0.677041,0.723272,-0.112352,0.0896491,0.535292,0.79044,-0.283956,0.673055,-0.677263,-0.178653,-0.237479,-0.207191,0.374812,0.675065,-0.600729,-0.250124,0.0643009,0.963325,-0.0728565,-0.015442,-0.577074,0.764211,-0.287628,0.376338,-0.564385,-0.335562,0.653634,0.103331,0.720589,-0.0654486,-0.682489,0,0,0,0,0.0138701,0.616759,0.735902,-0.279042,-0.41175,0.50661,-0.263638,0.710143,0.0975085,0.690121,0.0699188,0.713678,0,0,0,0,0.0194178,0.0210537,0.966189,-0.256239,0,0,0,0,0,0,0,0,0,0,0,0,0,0,0,0,
0.0253194,0.0166119,0.970261,-0.240159,0.025854,0.0164796,0.970247,-0.240168,0.0263282,0.0191308,0.961089,-0.274315,0,0,0,0,-0.0556841,-0.484714,0.816674,-0.308212,0.686462,-0.690521,0.0681106,0.217511,-0.137488,0.113851,-0.709084,0.682154,0.0647012,-0.634557,0.764995,-0.089073,0.0980301,0.519215,0.803195,-0.275108,-0.648887,0.666092,0.25437,0.265637,-0.400144,0.51154,0.573947,-0.498795,-0.457199,0.358785,0.755326,-0.302861,0.00385956,-0.58509,0.752977,-0.301133,0.362952,-0.559407,-0.326448,0.669896,0.163025,0.718924,-0.0908836,-0.66956,0,0,0,0,0.0362054,0.611624,0.745337,-0.262827,-0.385837,0.510031,-0.256323,0.724774,0.108678,0.682541,0.0652827,0.719767,0,0,0,0,0.0263697,0.0175183,0.966264,-0.255601,0,0,0,0,0,0,0,0,0,0,0,0,0,0,0,0,
0.0370565,0.0100246,0.972049,-0.23162,0.0366987,0.0101099,0.972062,-0.231616,0.0357291,0.0100219,0.964759,-0.260505,0,0,0,0,-0.0288585,-0.541485,0.773051,-0.329171,0.708631,-0.619668,-0.0646023,0.331182,0.422809,-0.519693,0.607061,-0.427351,0.449273,-0.504594,0.556501,-0.483576,0.0843925,0.558393,0.774646,-0.284601,0.684489,-0.669626,-0.179354,-0.225628,-0.403761,0.533547,0.590114,-0.451741,-0.428084,0.491646,0.63895,-0.408377,0.0174514,-0.593749,0.745908,-0.301295,0.35627,-0.568115,-0.31366,0.672261,0.0910234,0.729741,-0.0507526,-0.675735,0,0,0,0,0.0403923,0.612383,0.748468,-0.251298,-0.373594,0.518429,-0.247948,0.728135,0.0823139,0.683318,0.0560389,0.723298,0,0,0,0,0.0359261,0.00950307,0.969131,-0.243731,0,0,0,0,0,0,0,0,0,0,0,0,0,0,0,0,
0.0133158,0.0181696,0.973792,-0.22632,0.0167958,0.0173606,0.973739,-0.226383,0.0202726,0.0187529,0.965012,-0.260747,0,0,0,0,-0.0397903,-0.529275,0.784209,-0.321406,0.69663,-0.553473,-0.156685,0.428747,0.412959,-0.507074,0.638733,-0.405413,-0.427954,0.51762,-0.489118,0.556497,0.0709638,0.582181,0.757066,-0.287889,-0.651465,0.676623,0.326784,0.104818,-0.53161,0.659301,0.433872,-0.307356,-0.341179,0.163298,0.909013,-0.175005,0.00607467,-0.584652,0.759243,-0.285823,0.346109,-0.572399,-0.30568,0.67759,0.0798797,0.722482,-0.0439186,-0.685354,0,0,0,0,0.022049,0.625466,0.73545,-0.259653,-0.353411,0.5193,-0.22913,0.74359,0.0751645,0.692728,0.049535,0.715558,0,0,0,0,0.020384,0.01748,0.969967,-0.241752,0,0,0,0,0,0,0,0,0,0,0,0,0,0,0,0,
-0.0116097,0.0228617,0.974068,-0.224799,0.00203846,0.01971,0.974135,-0.225097,0.0168819,0.0195435,0.965328,-0.259761,0,0,0,0,-0.0617545,-0.465092,0.838403,-0.27741,0.625089,-0.525024,-0.238186,0.526195,0.38087,-0.500667,0.644302,-0.434909,0.432791,-0.473298,0.534334,-0.550607,0.0901985,0.506774,0.818676,-0.254587,0.624567,-0.666032,-0.167394,-0.371883,-0.441015,0.514731,0.558483,-0.478178,-0.473926,0.418957,0.706561,-0.31724,-0.0136514,-0.596136,0.755015,-0.272742,0.330428,-0.577297,-0.288766,0.688593,0.0833577,0.723276,-0.0462085,-0.68395,0,0,0,0,-0.0014118,0.616612,0.738541,-0.272662,-0.328599,0.523608,-0.209341,0.75765,0.0647475,0.692357,0.0443896,0.717272,0,0,0,0,0.0168666,0.0178042,0.970275,-0.240758,0,0,0,0,0,0,0,0,0,0,0,0,0,0,0,0,
-0.00722814,0.019304,0.975982,-0.216874,0.00544633,0.0164861,0.975994,-0.217106,0.0187153,0.0147809,0.968946,-0.246119,0,0,0,0,-0.0427927,-0.51012,0.806369,-0.296168,0.669256,-0.583302,-0.14983,0.435208,0.404633,-0.504739,0.623537,-0.438991,0.427146,-0.496432,0.555382,-0.512495,0.0735364,0.555829,0.783754,-0.267164,-0.669822,0.682959,0.211682,0.200239,-0.398373,0.534388,0.575828,-0.473445,-0.407986,0.510132,0.624176,-0.428622,-0.00245541,-0.597203,0.755076,-0.27056,0.318982,-0.574371,-0.28156,0.699337,0.089697,0.722746,-0.0420617,-0.683976,0,0,0,0,-0.00208865,0.62263,0.735875,-0.266113,-0.311426,0.512672,-0.205085,0.773383,0.0933195,0.689617,0.0410168,0.716964,0,0,0,0,0.0187542,0.0136427,0.973114,-0.229153,0,0,0,0,0,0,0,0,0,0,0,0,0,0,0,0,
0.019258,0.0118038,0.978439,-0.205297,0.0223789,0.0111489,0.978373,-0.205334,0.0257156,0.0131005,0.970551,-0.23916,0,0,0,0,-0.0353588,-0.518916,0.804057,-0.288042,0.692329,-0.669434,0.0473228,0.265141,0.374866,-0.504576,0.609468,-0.483142,0.43307,-0.452454,0.596875,-0.501474,0.076173,0.544212,0.795563,-0.255168,0.665886,-0.673167,-0.10609,-0.303622,-0.408944,0.540361,0.577543,-0.455213,-0.431542,0.499959,0.630302,-0.408083,0.0303933,-0.59879,0.749769,-0.279951,0.288319,-0.58232,-0.247508,0.718691,0.0791573,0.727053,-0.037155,-0.68099,0,0,0,0,0.00536836,0.624492,0.740616,-0.24793,-0.284371,0.510788,-0.180772,0.790918,0.0813345,0.687406,0.03525,0.720843,0,0,0,0,0.0256855,0.0114961,0.97506,-0.220148,0,0,0,0,0,0,0,0,0,0,0,0,0,0,0,0,
0.0203278,0.0126158,0.979905,-0.198023,0.0226339,0.0121497,0.979855,-0.198052,0.0256175,0.0165639,0.97435,-0.222962,0,0,0,0,-0.0115358,-0.568783,0.764294,-0.303657,0.697464,-0.676754,0.201819,0.121727,0.388051,-0.520267,0.60554,-0.460499,0.449776,-0.478402,0.535922,-0.530681,0.0478765,0.592626,0.7575,-0.269623,-0.673469,0.677636,0.206185,0.211512,-0.57537,0.635772,0.408118,-0.313341,-0.184846,0.583953,0.779975,-0.128337,0.0353981,-0.601198,0.749062,-0.276068,0.280409,-0.588849,-0.238695,0.71948,0.0658343,0.727217,-0.0335136,-0.682421,0,0,0,0,0.00129753,0.627921,0.739516,-0.24255,-0.268869,0.509395,-0.167524,0.800101,0.069209,0.689587,0.0298156,0.720271,0,0,0,0,0.0253937,0.0140837,0.977863,-0.207221,0,0,0,0,0,0,0,0,0,0,0,0,0,0,0,0,
0.0121214,0.0121604,0.981903,-0.188606,0.0195886,0.0107257,0.981782,-0.188693,0.0277585,0.0134182,0.974736,-0.221223,0,0,0,0,-0.0187699,-0.567459,0.772763,-0.283681,-0.664924,0.68525,-0.295581,-0.0306575,0.373085,-0.524366,0.592087,-0.485058,0.45372,-0.45756,0.570077,-0.509696,0.0596623,0.578163,0.774339,-0.250135,0.674596,-0.662245,-0.103411,-0.309287,-0.304404,0.485145,0.642903,-0.508575,0.70431,-0.286845,-0.551987,0.342019,0.0349498,-0.614603,0.741279,-0.267483,0.259457,-0.593591,-0.218425,0.729809,0.0591701,0.729454,-0.0299628,-0.680807,0,0,0,0,-0.0150997,0.620504,0.745701,-0.242232,-0.244311,0.547404,-0.130112,0.789767,0.0172163,0.691042,0.0217093,0.722284,0,0,0,0,0.0275872,0.0110799,0.978887,-0.202231,0,0,0,0,0,0,0,0,0,0,0,0,0,0,0,0,
0.00977764,0.0148062,0.984097,-0.176744,0.0139442,0.0140577,0.984047,-0.176805,0.0186864,0.0179819,0.978564,-0.204302,0,0,0,0,-0.00930666,-0.593491,0.755528,-0.277235,-0.656658,0.688959,-0.306784,-0.00437269,0.360253,-0.523366,0.597517,-0.489162,0.444429,-0.448772,0.592731,-0.499757,0.0343533,0.628713,0.7362,-0.24809,-0.656334,0.677469,0.297791,0.14691,-0.58496,0.648311,0.332762,-0.356067,-0.192223,0.542055,0.790571,-0.210295,0.044658,-0.609866,0.747235,-0.26021,0.238063,-0.60226,-0.200112,0.735231,0.052611,0.725174,-0.0287116,-0.685952,0,0,0,0,-0.024621,0.630372,0.738987,-0.236479,-0.20558,0.518374,-0.108892,0.822902,0.0678421,0.692513,0.015535,0.71804,0,0,0,0,0.0184847,0.0154077,0.981879,-0.187973,0,0,0,0,0,0,0,0,0,0,0,0,0,0,0,0,
0.0104841,0.0147447,0.985794,-0.166981,0.0119868,0.0144901,0.985777,-0.167003,0.0137911,0.0183615,0.980309,-0.19613,0,0,0,0,-0.0154597,-0.592523,0.763334,-0.256901,0.704712,-0.675392,0.134877,0.170397,0.382626,-0.493033,0.61152,-0.486374,0.391553,-0.490592,0.580005,-0.51923,0.0336858,0.634054,0.736634,-0.232833,-0.626373,0.659155,0.413246,0.0489936,-0.517827,0.672325,0.404814,-0.340531,-0.277727,0.286457,0.895918,-0.195298,0.0521577,-0.613526,0.745447,-0.255291,0.221556,-0.610452,-0.184459,0.737723,0.0481423,0.724416,-0.0299548,-0.687027,0,0,0,0,-0.0317579,0.631955,0.739286,-0.230392,-0.199362,0.560936,-0.0846499,0.799025,0.0621344,0.694219,0.0156191,0.716907,0,0,0,0,0.0136683,0.0160432,0.983666,-0.178763,0,0,0,0,0,0,0,0,0,0,0,0,0,0,0,0,
0.00910719,0.0145869,0.987257,-0.158201,0.0134798,0.0138861,0.987207,-0.158264,0.0181583,0.0165229,0.982673,-0.183713,0,0,0,0,0.0115421,-0.626256,0.731977,-0.268105,-0.702059,0.663819,-0.245258,-0.0794152,-0.151211,0.115996,-0.685359,0.702825,0.0495768,-0.667362,0.732151,-0.126984,0.0114458,0.662621,0.710336,-0.237118,-0.681475,0.644836,0.312153,0.149461,0.0549119,-0.0299805,-0.692015,0.719167,-0.0197884,0.687064,0.725427,-0.0361584,0.0590203,-0.610267,0.749778,-0.248844,0.189404,-0.631762,-0.157513,0.734978,0.0560872,0.724801,-0.0410085,-0.685446,0,0,0,0,-0.037223,0.638653,0.734685,-0.225776,-0.190768,0.653621,-0.0497957,0.73069,0.0344648,0.69452,0.0164315,0.71846,0,0,0,0,0.0180967,0.0145881,0.985566,-0.167688,0,0,0,0,0,0,0,0,0,0,0,0,0,0,0,0,
0.0138769,0.00693978,0.995229,-0.0963236,0.031904,0.00519366,0.994814,-0.0964335,0.0508309,0.00973642,0.985832,-0.159553,0,0,0,0,0.0276385,-0.654547,0.718557,-0.233411,0.713543,-0.656395,0.225478,0.0957164,0.403314,-0.507622,0.618215,-0.444374,-0.40685,0.527884,-0.499594,0.553369,0.0474886,0.574583,0.795592,-0.1861,-0.655257,0.688692,0.216489,0.222429,0.175507,-0.169312,-0.669517,0.701625,-0.0816765,0.635759,0.759041,-0.113999,0.109452,-0.617492,0.74933,-0.21267,-0.135901,0.704969,0.0601485,-0.693492,0.0416632,0.737667,-0.0289674,-0.673255,0,0,0,0,-0.0741343,0.658035,0.725489,-0.187511,-0.104736,0.688433,0.0128314,0.717583,0.025441,0.682404,0.0141498,0.730396,0,0,0,0,0.0506439,0.00659619,0.988854,-0.139853,0,0,0,0,0,0,0,0,0,0,0,0,0,0,0,0,
0.0259916,0.00559247,0.994859,-0.0977215,0.0326717,0.00493612,0.994662,-0.0977568,0.0396272,0.00875016,0.987761,-0.150604,0,0,0,0,0.032396,-0.677248,0.701832,-0.218442,-0.675013,0.633801,-0.377238,0.0185687,-0.385312,0.430519,-0.549661,0.603374,0.293902,-0.538243,0.712616,-0.340726,0.025783,0.607785,0.772506,-0.182118,-0.660904,0.681091,0.215701,0.22977,0.192078,-0.19396,-0.672855,0.687569,-0.109612,0.622299,0.769816,-0.0900718,0.113612,-0.621237,0.743797,-0.218912,-0.0848147,0.72065,0.0389199,-0.68699,0.0234904,0.733324,-0.0386577,-0.678372,0,0,0,0,-0.0644604,0.655342,0.730645,-0.180362,-0.0614477,0.685323,0.0107236,0.725563,0.0170996,0.686048,0.0160134,0.727179,0,0,0,0,0.0395206,0.0060323,0.991091,-0.127044,0,0,0,0,0,0,0,0,0,0,0,0,0,0,0,0,
0.0286477,0.00411095,0.995147,-0.0940521,0.0341682,0.0035891,0.994972,-0.0940735,0.0399827,0.00737045,0.989345,-0.139797,0,0,0,0,-0.0568144,0.704797,-0.677245,0.203402,-0.631599,0.64011,-0.425113,0.103057,0.386891,-0.520528,0.556144,-0.519682,0.411808,-0.441453,0.700839,-0.379946,0.0140853,0.632681,0.75347,-0.178323,-0.667273,0.664661,0.262292,0.210181,0.213509,-0.198205,-0.66541,0.687284,-0.120917,0.61044,0.775365,-0.107476,0.116697,-0.623547,0.741913,-0.217108,-0.0807789,0.722656,0.0317145,-0.685738,-0.040848,-0.694216,0.0339542,0.717804,0,0,0,0,-0.0640463,0.656113,0.731014,-0.176159,-0.0542951,0.684197,0.0120106,0.727174,0.0199199,0.668247,0.0158341,0.743504,0,0,0,0,0.0399062,0.00514237,0.992041,-0.11931,0,0,0,0,0,0,0,0,0,0,0,0,0,0,0,0,
0.0298075,0.00301541,0.995771,-0.0868467,0.0336945,0.00267636,0.995647,-0.0868578,0.0378158,0.005581,0.991963,-0.120618,0,0,0,0,-0.0815876,0.728464,-0.650169,0.199912,-0.698198,0.639786,-0.320942,-0.0137989,0.412864,-0.442599,0.572621,-0.552951,0.33287,-0.524534,0.707012,-0.337929,-0.0107669,0.664807,0.725261,-0.17864,0.674532,-0.655597,-0.247567,-0.232184,0.689076,-0.669693,-0.182918,0.20791,-0.143613,0.605274,0.778881,-0.0797633,0.121589,-0.62494,0.741352,-0.21228,-0.0758047,0.723846,0.0261432,-0.685286,-0.0458176,-0.686226,0.0361111,0.725046,0,0,0,0,-0.0669078,0.658785,0.729655,-0.170674,-0.0467307,0.684023,0.0149675,0.727808,0.0183652,0.645691,0.0173343,0.763181,0,0,0,0,0.0377944,0.00431559,0.993568,-0.106655,0,0,0,0,0,0,0,0,0,0,0,0,0,0,0,0,
0.0247199,0.00173784,0.996583,-0.0787932,0.0327109,0.00110592,0.996353,-0.0788046,0.0410942,0.00358425,0.992793,-0.112518,0,0,0,0,-0.0954249,0.748448,-0.626684,0.194903,-0.678509,0.635356,-0.368547,0.0110659,0.419264,-0.509062,0.578992,-0.479418,0.45303,-0.451498,0.649752,-0.410774,-0.0334499,0.706462,0.690462,-0.151837,0.683659,-0.644871,-0.23793,-0.245236,0.698307,-0.650805,-0.199087,0.221776,-0.163347,0.602458,0.777385,-0.0776853,0.123015,-0.628104,0.740846,-0.203717,-0.0708907,0.720777,0.0201928,-0.689237,0.0659389,0.738972,-0.00982399,-0.67043,0,0,0,0,-0.0743962,0.659838,0.728593,-0.168019,-0.0368129,0.688395,0.0192192,0.724147,0.0196535,0.634842,0.0202467,0.772127,0,0,0,0,0.0411039,0.00266359,0.994334,-0.097993,0,0,0,0,0,0,0,0,0,0,0,0,0,0,0,0,
0.0215311,0.000999018,0.997279,-0.0704964,0.0310101,0.000328841,0.997029,-0.0705027,0.0409423,0.00364911,0.992856,-0.112019,0,0,0,0,-0.0849875,0.743003,-0.636974,0.18705,-0.681652,0.640541,-0.353581,0.00624693,0.423211,-0.512793,0.580113,-0.470538,0.464541,-0.435066,0.671572,-0.379354,-0.0247703,0.718642,0.681086,-0.138065,0.689121,-0.632837,-0.223536,-0.273242,0.702921,-0.622663,-0.237534,0.248536,-0.182821,0.612094,0.763872,-0.0917467,0.126189,-0.629944,0.740767,-0.196242,-0.0644578,0.719169,0.0136056,-0.691705,0.0449151,0.738664,-0.0237204,-0.672158,0,0,0,0,-0.0812875,0.661565,0.727106,-0.164442,-0.0282412,0.691132,0.0249861,0.721744,0.00112742,0.680711,0.0182112,0.732325,0,0,0,0,0.0409457,0.00246128,0.99472,-0.094076,0,0,0,0,0,0,0,0,0,0,0,0,0,0,0,0,
0.0172635,-0.000416363,0.998027,-0.0603589,0.0304873,-0.00121617,0.997711,-0.0603481,0.0442238,-0.000471561,0.994527,-0.0946553,0,0,0,0,-0.105734,0.764477,-0.60994,0.179911,0.730878,-0.647318,0.14736,0.158371,0.445185,-0.494146,0.600765,-0.443521,0.499945,-0.3933,0.689481,-0.34639,-0.0416468,0.744912,0.654335,-0.123359,0.710079,-0.639714,-0.115216,-0.270703,0.00205669,-0.000146045,0.760651,-0.649158,-0.0316386,0.627392,0.776854,0.0433125,0.129876,-0.632753,0.740162,-0.186859,-0.0566537,0.716794,0.00783192,-0.694935,0.0463872,0.767436,-0.0411232,-0.638122,0,0,0,0,-0.0898559,0.663057,0.725654,-0.160334,-0.0189463,0.694561,0.0317204,0.718485,-0.00353052,0.679387,0.0208707,0.733475,0,0,0,0,0.0442619,-0.000645766,0.995741,-0.0808766,0,0,0,0,0,0,0,0,0,0,0,0,0,0,0,0,
0.0318248,3.5383e-006,0.998124,-0.0522954,0.0352161,-0.000174157,0.998011,-0.0522951,0.0388114,0.00217257,0.995455,-0.0869345,0,0,0,0,-0.103554,0.765972,-0.611553,0.169013,0.7329,-0.644118,0.140237,0.168238,0.384283,-0.4481,0.644415,-0.486067,0.426954,-0.363791,0.726312,-0.397288,-0.0483342,0.754299,0.644141,-0.117387,0.712664,-0.635188,-0.0912729,-0.283401,0.768863,-0.638876,-0.0176866,0.019353,-0.0929979,0.613923,0.778498,0.0915974,0.145156,-0.632059,0.736955,-0.190603,-0.0472191,0.727569,0.00116142,-0.684407,0.0260663,0.735176,-0.0419177,-0.676077,0,0,0,0,-0.0874228,0.666266,0.725624,-0.148044,-0.0157892,0.684071,0.0351045,0.728399,-0.0148611,0.680942,0.0291136,0.731608,0,0,0,0,0.0387798,0.00104453,0.996546,-0.0734222,0,0,0,0,0,0,0,0,0,0,0,0,0,0,0,0,
0.0197142,-0.00113491,0.998908,-0.0423535,0.0290013,-0.00152867,0.998681,-0.0423412,0.0387052,-0.000353146,0.996288,-0.076891,0,0,0,0,-0.110727,0.772263,-0.604273,0.161871,0.744375,-0.615855,0.0325463,0.256067,0.304825,-0.327074,0.714952,-0.537539,0.18041,-0.601322,0.769885,-0.114637,-0.056434,0.767189,0.629805,-0.107615,0.720827,-0.6305,-0.0835929,-0.275481,0.773988,-0.63312,0.00996924,-0.00180311,-0.0636235,0.624679,0.77402,0.0813735,0.143645,-0.635689,0.737495,-0.177106,-0.0434444,0.71944,0.00211482,-0.693192,0.032802,0.736127,-0.0240799,-0.67562,0,0,0,0,-0.100657,0.666685,0.723471,-0.14829,-0.00606924,0.692997,0.0420833,0.719685,-7.16522e-005,0.681527,0.0332597,0.731037,0,0,0,0,0.0387023,-0.00080286,0.997162,-0.0645706,0,0,0,0,0,0,0,0,0,0,0,0,0,0,0,0,
0.0134185,-0.0022316,0.999323,-0.0341752,0.027083,-0.00269874,0.999046,-0.0341415,0.0413839,-0.000732717,0.996536,-0.0721281,0,0,0,0,-0.109482,0.776524,-0.600722,0.155424,0.737987,-0.624345,0.196454,0.164242,0.405544,-0.404763,0.641431,-0.510164,0.299475,-0.542965,0.759824,-0.195373,-0.0514542,0.764832,0.634599,-0.0983294,0.720237,-0.601668,0.00434054,-0.345305,-0.444847,0.415102,0.65016,-0.455075,-0.346597,0.552823,0.723671,-0.224849,0.144264,-0.640146,0.735612,-0.168156,-0.0388537,0.715311,-0.00227606,-0.697722,0.0552121,0.763487,-0.0567589,-0.64095,0,0,0,0,-0.109696,0.665089,0.724041,-0.146249,0.00125017,0.697506,0.0468491,0.715045,0.0425038,0.653102,0.0268988,0.755598,0,0,0,0,0.0413553,-0.0014998,0.997421,-0.0586426,0,0,0,0,0,0,0,0,0,0,0,0,0,0,0,0,
0.0238721,-0.00410614,0.99929,-0.0288536,0.0289502,-0.00425273,0.999156,-0.0288324,0.0344712,-0.000844873,0.996967,-0.0697728,0,0,0,0,-0.105715,0.782017,-0.597081,0.144107,0.734564,-0.630031,0.205698,0.145483,0.470054,-0.485694,0.590689,-0.440724,0.489186,-0.449932,0.638297,-0.388374,-0.0574582,0.767888,0.630572,-0.097087,0.705899,-0.517043,0.146021,-0.461574,-0.417396,0.482928,0.673148,-0.373408,-0.507097,0.400081,0.623294,-0.440786,0.155961,-0.638635,0.733949,-0.170706,-0.0352301,0.722703,-0.00759704,-0.690219,0.0484268,0.771839,-0.0488676,-0.632085,0,0,0,0,-0.107164,0.667702,0.723547,-0.138454,0.00419543,0.689897,0.0485409,0.722266,0.00503758,0.630521,0.0190761,0.775922,0,0,0,0,0.034394,-0.00214474,0.99798,-0.0533617,0,0,0,0,0,0,0,0,0,0,0,0,0,0,0,0,
0.0307069,-0.00735801,0.99926,-0.0219573,0.033795,-0.00742583,0.99916,-0.0219345,0.0373808,-0.00322018,0.997272,-0.0635739,0,0,0,0,-0.111209,0.78534,-0.592179,0.14212,0.732826,-0.631735,0.207277,0.144617,0.456934,-0.463563,0.597261,-0.468615,0.454754,-0.44668,0.670086,-0.380342,-0.0592651,0.773405,0.624723,-0.0897405,0.732115,-0.566485,0.0421469,-0.375934,-0.418716,0.496232,0.655345,-0.385946,-0.517741,0.392388,0.638186,-0.413152,0.165314,-0.639526,0.731471,-0.1692,-0.0330267,0.727464,-0.0122332,-0.685241,0.0504065,0.792131,-0.0525697,-0.60599,0,0,0,0,-0.106942,0.668747,0.724003,-0.131,0.00648005,0.684772,0.0483646,0.727122,0.0268507,0.665221,0.0410281,0.745034,0,0,0,0,0.0373203,-0.00393169,0.998124,-0.0483824,0,0,0,0,0,0,0,0,0,0,0,0,0,0,0,0,
0.0330111,-0.00840304,0.99928,-0.0166931,0.0360053,-0.00845302,0.999177,-0.0166679,0.0395342,-0.0040002,0.997544,-0.057677,0,0,0,0,-0.116774,0.787306,-0.588708,0.141191,0.738813,-0.634992,0.203556,0.097493,0.425466,-0.485315,0.628495,-0.434099,0.462148,-0.440541,0.640029,-0.42744,-0.0619212,0.775348,0.622658,-0.0854299,0.733236,-0.599781,-0.0337983,-0.318567,-0.446192,0.444437,0.643823,-0.434605,-0.357099,0.540979,0.726197,-0.229043,0.169745,-0.64139,0.729381,-0.166762,-0.0305492,0.729195,-0.0143045,-0.683474,0.0336044,0.732671,-0.0521261,-0.677751,0,0,0,0,-0.108681,0.668643,0.724694,-0.126185,0.00809977,0.682989,0.0497705,0.728686,0.0233556,0.6725,0.0388683,0.738707,0,0,0,0,0.0394709,-0.00467155,0.998229,-0.0442605,0,0,0,0,0,0,0,0,0,0,0,0,0,0,0,0,
0.0271182,-0.00896758,0.999521,-0.0119296,0.0316107,-0.00902111,0.999389,-0.0118892,0.0367495,-0.00417199,0.997799,-0.0550354,0,0,0,0,-0.119534,0.788583,-0.587258,0.137757,0.735923,-0.636442,0.215072,0.0842826,0.421379,-0.486584,0.630006,-0.434474,0.459356,-0.440097,0.642517,-0.427174,-0.0681644,0.774324,0.623106,-0.0866924,0.730735,-0.619806,-0.0979455,-0.268837,0.0310964,-0.0522285,0.781806,-0.620551,-0.053429,0.680204,0.728714,0.0586742,0.168852,-0.644488,0.728236,-0.160615,-0.0295767,0.725219,-0.014622,-0.687728,0.052626,0.785257,-0.0517907,-0.614752,0,0,0,0,-0.115498,0.666626,0.725495,-0.126203,0.0112623,0.687137,0.0522848,0.724556,0.0392653,0.64482,0.0368491,0.762435,0,0,0,0,0.0366575,-0.00518491,0.998482,-0.0407874,0,0,0,0,0,0,0,0,0,0,0,0,0,0,0,0,
0.0288724,-0.010743,0.999494,-0.00791138,0.0338136,-0.010782,0.999339,-0.00785817,0.039533,-0.00479038,0.997818,-0.0526579,0,0,0,0,-0.121465,0.790172,-0.585185,0.135769,0.734618,-0.63657,0.221387,0.0781208,0.39179,-0.466739,0.648488,-0.4562,0.428286,-0.419981,0.665597,-0.444036,-0.0665834,0.776072,0.621971,-0.0801983,0.727355,-0.631668,-0.142036,-0.227541,-0.418383,0.495563,0.626771,-0.431892,-0.491667,0.335415,0.747966,-0.29378,0.172841,-0.644407,0.727894,-0.158225,-0.0285799,0.726502,-0.0172327,-0.686354,0.0498538,0.732306,-0.0579612,-0.676671,0,0,0,0,-0.116464,0.667742,0.724859,-0.123033,0.0150559,0.685627,0.0532568,0.725846,0.0379713,0.683893,0.0359042,0.727709,0,0,0,0,0.0393762,-0.00665192,0.998513,-0.0371152,0,0,0,0,0,0,0,0,0,0,0,0,0,0,0,0,
0.0226432,-0.0121342,0.999658,-0.0049258,0.0306617,-0.0121733,0.999444,-0.0048283,0.0396805,-0.0052082,0.997896,-0.0510012,0,0,0,0,-0.122035,0.790886,-0.584841,0.132539,0.740954,-0.63385,0.189128,0.115985,0.438295,-0.489537,0.620178,-0.428521,0.472509,-0.448572,0.628493,-0.42487,-0.0672257,0.777465,0.620642,-0.0763707,0.734269,-0.620111,-0.11178,-0.25262,-0.401101,0.416814,0.655951,-0.484884,-0.30652,0.487301,0.8027,-0.155742,0.170456,-0.647502,0.726936,-0.152482,-0.0293631,0.72216,-0.0166244,-0.690903,0.0362345,0.727637,-0.0805721,-0.68025,0,0,0,0,-0.121665,0.665659,0.725715,-0.124232,0.0177594,0.68992,0.054112,0.721642,0.0244088,0.620101,0.0380417,0.783219,0,0,0,0,0.0394433,-0.00811854,0.998619,-0.0337475,0,0,0,0,0,0,0,0,0,0,0,0,0,0,0,0,
0.0206075,-0.0131101,0.999697,-0.00310014,0.0302307,-0.0131393,0.999452,-0.00297379,0.0409749,-0.00595523,0.997907,-0.0496689,0,0,0,0,-0.123992,0.793683,-0.581187,0.130057,0.740892,-0.63305,0.189938,0.119374,0.43142,-0.483094,0.6251,-0.435599,0.463673,-0.444202,0.633715,-0.43139,-0.0674849,0.778101,0.620318,-0.0721852,0.736447,-0.618815,-0.107407,-0.25135,-0.429682,0.438036,0.639156,-0.463656,-0.357168,0.471727,0.781823,-0.196613,0.170023,-0.649219,0.72606,-0.149814,-0.0295889,0.720753,-0.0176219,-0.692336,0.0528401,0.733001,-0.0560686,-0.67585,0,0,0,0,-0.123754,0.66472,0.726253,-0.124053,0.0207692,0.691177,0.0547902,0.720306,-0.00752957,0.68074,0.033525,0.731719,0,0,0,0,0.0406608,-0.0097242,0.998662,-0.0304342,0,0,0,0,0,0,0,0,0,0,0,0,0,0,0,0,
0.0217765,-0.0135476,0.999669,-0.00213212,0.0288665,-0.0135624,0.999489,-0.00203598,0.0370136,-0.00611682,0.99812,-0.0484739,0,0,0,0,-0.12613,0.794476,-0.580186,0.127606,0.741534,-0.632325,0.185283,0.126345,0.433479,-0.482414,0.624128,-0.435704,0.465658,-0.442003,0.637189,-0.426364,-0.0745403,0.776519,0.620986,-0.0764078,0.735434,-0.618935,-0.115987,-0.250207,0.0239692,-0.0646771,0.780078,-0.621869,-0.0280622,0.680976,0.731667,0.0121385,0.171379,-0.649881,0.725138,-0.149865,-0.028916,0.721613,-0.0182786,-0.691451,0.0740078,0.745385,-0.0697216,-0.658834,0,0,0,0,-0.123708,0.664438,0.726723,-0.122851,0.0210052,0.690282,0.0550985,0.721134,0.0287678,0.686159,0.0296357,0.726278,0,0,0,0,0.0366642,-0.0103041,0.998863,-0.0286593,0,0,0,0,0,0,0,0,0,0,0,0,0,0,0,0,
0.0230819,-0.0141239,0.999633,-0.0010812,0.0319134,-0.0141329,0.99939,-0.000956362,0.0418802,-0.00681591,0.997984,-0.0471972,0,0,0,0,-0.127134,0.795957,-0.577895,0.127775,0.740683,-0.63241,0.190182,0.123597,0.415411,-0.469493,0.635724,-0.450405,0.454162,-0.422638,0.646324,-0.444274,-0.0695825,0.780109,0.617991,-0.0683781,0.737499,-0.61929,-0.114961,-0.243638,0.0272971,-0.0685865,0.779687,-0.621803,-0.0287318,0.68406,0.728712,0.0146484,0.173483,-0.649118,0.725311,-0.149913,-0.0287124,0.722547,-0.0192176,-0.690458,0.0503963,0.83554,-0.064136,-0.543342,0,0,0,0,-0.123709,0.665101,0.726266,-0.121961,0.0204877,0.689317,0.0545898,0.722109,0.0345314,0.649064,0.0329567,0.759235,0,0,0,0,0.0415089,-0.0112069,0.998717,-0.0267661,0,0,0,0,0,0,0,0,0,0,0,0,0,0,0,0,
0.0247455,-0.0140979,0.999594,-0.00102627,0.0343672,-0.0141071,0.999309,-0.000890509,0.0451254,-0.00766115,0.997878,-0.0463093,0,0,0,0,-0.129819,0.798051,-0.574221,0.128575,0.739764,-0.63127,0.197546,0.123383,0.434557,-0.481199,0.622571,-0.438194,0.468426,-0.439974,0.632887,-0.431803,-0.0679458,0.780945,0.617549,-0.0643559,0.715491,-0.633782,-0.172796,-0.237772,-0.352733,0.328085,0.665708,-0.569888,-0.262259,0.48028,0.815227,-0.189621,0.175025,-0.64882,0.724937,-0.151212,-0.0299094,0.723635,-0.0193365,-0.689264,0.0549318,0.76348,-0.0633341,-0.640366,0,0,0,0,-0.12319,0.665054,0.726498,-0.121359,0.0193767,0.688169,0.0542104,0.723263,-0.00597855,0.678765,0.0347563,0.733508,0,0,0,0,0.0447481,-0.0119268,0.998605,-0.0253523,0,0,0,0,0,0,0,0,0,0,0,0,0,0,0,0,
0.0258936,-0.0147805,0.999555,-0.000547928,0.0355451,-0.0147851,0.999259,-0.000405168,0.0463569,-0.0081923,0.997858,-0.0454306,0,0,0,0,-0.131441,0.799117,-0.572332,0.12873,0.739697,-0.63082,0.195513,0.129185,0.416866,-0.468689,0.634658,-0.451402,0.452864,-0.424261,0.647182,-0.442801,-0.0678693,0.781037,0.617602,-0.0627859,0.724136,-0.617427,-0.060722,-0.301204,-0.00136225,-0.0532564,0.794959,-0.60432,0.247843,0.627885,0.688176,-0.265985,0.176367,-0.649207,0.724175,-0.151643,-0.0311776,0.724354,-0.0192958,-0.688452,0.0570452,0.761499,-0.066234,-0.642245,0,0,0,0,-0.122935,0.664732,0.726942,-0.12072,0.017958,0.687348,0.0536734,0.72412,0.0573449,0.631014,0.0439041,0.772402,0,0,0,0,0.0459716,-0.0124748,0.998567,-0.0244114,0,0,0,0,0,0,0,0,0,0,0,0,0,0,0,0,
0.0251654,-0.0150841,0.999569,0.000103467,0.0359915,-0.0150821,0.999238,0.000266854,0.0479814,-0.00876056,0.997907,-0.0424534,0,0,0,0,-0.135266,0.799104,-0.571331,0.129297,0.729278,-0.637182,0.225509,0.106298,0.443037,-0.48213,0.603795,-0.454644,0.458522,-0.444379,0.66545,-0.386603,-0.0697383,0.783534,0.614477,-0.060242,0.726278,-0.604587,-0.0286981,-0.32584,-0.36126,0.354176,0.698352,-0.506315,-0.259694,0.494952,0.821193,-0.114999,0.176102,-0.649913,0.723814,-0.150649,-0.0315891,0.723844,-0.0200876,-0.688948,0.0502829,0.7922,-0.0673425,-0.604447,0,0,0,0,-0.123637,0.664354,0.727193,-0.120577,0.0174594,0.687875,0.0529251,0.723687,0.0473478,0.678731,0.0377773,0.731885,0,0,0,0,0.0476442,-0.0123969,0.998537,-0.0223768,0,0,0,0,0,0,0,0,0,0,0,0,0,0,0,0,
0.0262164,-0.0150516,0.999543,0.000405884,0.0370123,-0.0150464,0.999201,0.000568453,0.0489392,-0.00950722,0.997899,-0.0413832,0,0,0,0,-0.138835,0.798649,-0.570877,0.130322,0.732483,-0.635842,0.210693,0.121584,0.448398,-0.48643,0.603768,-0.444735,0.466248,-0.451533,0.650258,-0.394835,-0.0719809,0.784091,0.613562,-0.0596851,0.728703,-0.59963,-0.0142275,-0.330504,-0.437303,0.423221,0.653479,-0.450128,-0.351736,0.49807,0.773441,-0.173196,0.177296,-0.649424,0.723839,-0.151232,-0.0325042,0.724537,-0.0212202,-0.688142,0.0450697,0.734403,-0.0647468,-0.674114,0,0,0,0,-0.123483,0.664696,0.726981,-0.120122,0.0172859,0.687131,0.0521909,0.724451,0.0499274,0.708407,0.0360401,0.703113,0,0,0,0,0.0486184,-0.0126638,0.998514,-0.0211098,0,0,0,0,0,0,0,0,0,0,0,0,0,0,0,0,
0.0265654,-0.0144978,0.999542,-0.000202397,0.0368045,-0.0144991,0.999217,-5.38553e-005,0.0480931,-0.00991537,0.997956,-0.0408872,0,0,0,0,-0.137013,0.800541,-0.569134,0.12825,0.733097,-0.635668,0.209279,0.121232,0.445801,-0.485341,0.606427,-0.444918,0.465912,-0.451789,0.642286,-0.407776,-0.0715156,0.785894,0.61141,-0.058594,0.725724,-0.560467,0.067359,-0.393274,-0.453949,0.48261,0.645584,-0.379788,-0.534557,0.39866,0.617217,-0.417567,0.176817,-0.649417,0.723829,-0.151871,-0.0339972,0.724678,-0.0206664,-0.687938,0.0584324,0.751951,-0.0664521,-0.653253,0,0,0,0,-0.122934,0.664608,0.727162,-0.12008,0.0160449,0.686987,0.0506443,0.724725,0.0431664,0.64213,0.0405799,0.764303,0,0,0,0,0.0477983,-0.012522,0.998563,-0.0207486,0,0,0,0,0,0,0,0,0,0,0,0,0,0,0,0,
0.0269366,-0.0137,0.999543,-0.000648397,0.0363366,-0.0137055,0.999245,-0.000519514,0.0467181,-0.00864139,0.998017,-0.0413017,0,0,0,0,-0.135942,0.799767,-0.570604,0.127686,0.741268,-0.631025,0.173082,0.149573,0.430684,-0.449733,0.625231,-0.470465,0.324965,-0.579376,0.700298,-0.261349,-0.0725049,0.787313,0.609363,-0.0596456,0.722896,-0.564891,0.0652023,-0.392515,-0.465622,0.456855,0.647871,-0.393374,-0.473438,0.44475,0.654086,-0.38759,0.176598,-0.648952,0.724165,-0.152509,-0.0345583,0.7249,-0.0203366,-0.687686,0.0844747,0.719797,-0.0872285,-0.683482,0,0,0,0,-0.122578,0.664748,0.727113,-0.119963,0.0139177,0.686861,0.049521,0.724966,0.0461506,0.68673,0.0366737,0.724518,0,0,0,0,0.0464532,-0.0111233,0.998635,-0.0211307,0,0,0,0,0,0,0,0,0,0,0,0,0,0,0,0,
0.0271995,-0.0130065,0.999544,-0.0015873,0.0365796,-0.0130208,0.999245,-0.00146516,0.0469459,-0.00665177,0.997906,-0.044002,0,0,0,0,-0.132161,0.798999,-0.5725,0.127975,0.706229,-0.646953,0.282516,0.0536466,0.444362,-0.50339,0.577749,-0.464055,0.489153,-0.415837,0.678878,-0.356278,-0.0687198,0.787937,0.609037,-0.0592225,0.725961,-0.61418,-0.0332952,-0.307661,0.0232588,-0.04818,0.797755,-0.600604,-0.0556774,0.686517,0.723197,0.0507981,0.175936,-0.648257,0.7248,-0.153215,-0.0356339,0.725004,-0.0195251,-0.687545,0.08256,0.725897,-0.0868339,-0.677287,0,0,0,0,-0.121813,0.665238,0.726744,-0.120258,0.0105022,0.686833,0.0484884,0.72512,0.0421866,0.692632,0.0390094,0.718998,0,0,0,0,0.0466906,-0.00946431,0.998599,-0.0230533,0,0,0,0,0,0,0,0,0,0,0,0,0,0,0,0,
0.0284312,-0.0126744,0.999512,-0.00268835,0.0369746,-0.0126969,0.999232,-0.0025799,0.0464518,-0.00661168,0.997867,-0.0453824,0,0,0,0,-0.130589,0.797509,-0.574864,0.128283,0.734626,-0.638835,0.191882,0.12408,0.451314,-0.446941,0.597748,-0.489139,0.394019,-0.503312,0.6905,-0.338579,-0.0681049,0.789437,0.60712,-0.0596405,0.726947,-0.616406,-0.122115,-0.276911,-0.203317,0.171047,0.751207,-0.60423,-0.124822,0.668942,0.72618,-0.0979742,0.175773,-0.647501,0.725266,-0.154387,-0.0373047,0.725737,-0.0191162,-0.686694,0.0583259,0.771824,-0.0684217,-0.629448,0,0,0,0,-0.120122,0.665916,0.726433,-0.120092,0.00804519,0.686045,0.0468753,0.726003,0.0480662,0.663405,0.0394658,0.745671,0,0,0,0,0.0462048,-0.00922912,0.998598,-0.0241077,0,0,0,0,0,0,0,0,0,0,0,0,0,0,0,0,
0.0283893,-0.0119999,0.999518,-0.00371772,0.0367503,-0.0120306,0.999245,-0.0036172,0.0459948,-0.00618753,0.997848,-0.0463114,0,0,0,0,-0.129639,0.794133,-0.57952,0.129244,0.73296,-0.643188,0.194919,0.105291,0.433772,-0.466535,0.610087,-0.471148,0.41873,-0.46817,0.669821,-0.396008,-0.0675377,0.786581,0.610696,-0.0614704,0.725049,-0.620058,-0.111414,-0.278244,-0.452754,0.461009,0.61903,-0.446415,-0.386676,0.503187,0.734221,-0.241255,0.174733,-0.647558,0.725309,-0.155124,-0.0495276,0.724757,-0.0137887,-0.687084,0.059445,0.733769,-0.0766471,-0.672439,0,0,0,0,-0.119548,0.665669,0.72669,-0.120481,0.00244715,0.686241,0.0449103,0.725982,0.0532111,0.660655,0.040774,0.74769,0,0,0,0,0.0457619,-0.00867365,0.998605,-0.0248834,0,0,0,0,0,0,0,0,0,0,0,0,0,0,0,0,
0.0300593,-0.0133953,0.999442,-0.00579944,0.0378635,-0.0134402,0.999176,-0.00569465,0.0465784,-0.00763247,0.99779,-0.0467595,0,0,0,0,-0.135018,0.79468,-0.576802,0.132487,0.733862,-0.643008,0.184781,0.117654,0.452147,-0.489387,0.59873,-0.444506,0.452706,-0.478268,0.636947,-0.400768,-0.0719995,0.788047,0.608047,-0.0638472,0.722477,-0.620347,-0.0277487,-0.304016,0.0400224,-0.0752337,0.794973,-0.60063,-0.0578061,0.678072,0.730598,0.0557008,0.174356,-0.647659,0.724966,-0.156722,-0.0547879,0.725355,-0.0119521,-0.686087,0.0528632,0.730783,-0.0915878,-0.674369,0,0,0,0,-0.116482,0.665203,0.727565,-0.120773,-0.00184827,0.685096,0.0399301,0.727355,0.0527835,0.717832,0.0406344,0.693022,0,0,0,0,0.0463284,-0.00994886,0.998553,-0.0254395,0,0,0,0,0,0,0,0,0,0,0,0,0,0,0,0,
0.0307966,-0.0127717,0.999394,-0.00999407,0.036689,-0.0128304,0.999195,-0.00991859,0.0434334,-0.00729561,0.997564,-0.0541011,0,0,0,0,-0.127213,0.793103,-0.580697,0.132644,0.735636,-0.612959,-0.0109434,0.2881,0.467017,-0.469293,0.615519,-0.427545,0.465647,-0.467682,0.629012,-0.410841,-0.0694776,0.795195,0.598671,-0.0665637,0.698614,-0.495372,0.18805,-0.480814,-0.429872,0.476755,0.676689,-0.360565,-0.520929,0.401504,0.590104,-0.468194,0.171641,-0.646876,0.725684,-0.159606,-0.0591135,0.725409,-0.00947253,-0.68571,0.0423373,0.731965,-0.074797,-0.675899,0,0,0,0,-0.11305,0.664859,0.728121,-0.122563,-0.0114798,0.684699,0.0351385,0.727888,0.0598103,0.735486,0.0437589,0.673474,0,0,0,0,0.0431776,-0.00945429,0.998545,-0.0308787,0,0,0,0,0,0,0,0,0,0,0,0,0,0,0,0,
0.030089,-0.00920479,0.999391,-0.0150893,0.035605,-0.00928794,0.99921,-0.0150382,0.0418431,-0.00287196,0.997333,-0.0597305,0,0,0,0,-0.119511,0.789531,-0.586651,0.134901,0.716296,-0.651812,0.208675,0.136069,0.452088,-0.497557,0.580457,-0.459481,0.510928,-0.405331,0.658924,-0.374805,-0.0630521,0.785849,0.610839,-0.0730907,0.720352,-0.610968,-0.140498,-0.296767,-0.26628,0.220352,0.732552,-0.586436,-0.1675,0.659637,0.72024,-0.134451,0.166625,-0.644032,0.72877,-0.162333,-0.0647354,0.724486,-0.00608143,-0.686216,0.0695815,0.732878,-0.0855154,-0.671368,0,0,0,0,-0.109977,0.666466,0.726699,-0.125051,-0.0210732,0.685203,0.0312484,0.727376,0.0643944,0.697135,0.0497889,0.712305,0,0,0,0,0.0416464,-0.00540646,0.998452,-0.0364576,0,0,0,0,0,0,0,0,0,0,0,0,0,0,0,0,
0.0265511,-0.0106928,0.99939,-0.0200173,0.0339851,-0.0108414,0.999165,-0.0199372,0.0422282,-0.00574207,0.997173,-0.0618805,0,0,0,0,-0.121494,0.789644,-0.585292,0.138329,0.724775,-0.654011,0.171288,0.132784,0.354533,-0.324373,0.645989,-0.593116,0.268132,-0.492766,0.805572,-0.190631,-0.0642945,0.786281,0.609805,-0.0759389,0.719385,-0.61733,-0.167448,-0.270833,-0.432249,0.479505,0.625996,-0.437452,-0.457218,0.435541,0.667741,-0.39418,0.160544,-0.648068,0.726269,-0.163607,-0.0729445,0.720966,-0.00227027,-0.689117,0.0716204,0.730901,-0.0851645,-0.673351,0,0,0,0,-0.108782,0.661472,0.730622,-0.129664,-0.03178,0.687614,0.0238844,0.724987,0.0703754,0.684425,0.0540268,0.723665,0,0,0,0,0.0420262,-0.00754237,0.998331,-0.0388895,0,0,0,0,0,0,0,0,0,0,0,0,0,0,0,0,
0.0294773,-0.0112347,0.999192,-0.0249029,0.0356785,-0.011389,0.99899,-0.0248327,0.0426676,-0.00728296,0.996957,-0.0648279,0,0,0,0,-0.130767,0.8,-0.567754,0.143374,0.732815,-0.642485,0.189791,0.119059,0.352162,-0.391544,0.660178,-0.535574,0.267749,-0.440458,0.839618,-0.171313,-0.0724427,0.790707,0.602365,-0.0818005,0.721183,-0.613662,-0.191913,-0.257844,-0.442313,0.484345,0.620152,-0.430327,-0.455878,0.46044,0.645985,-0.403577,0.159382,-0.644848,0.728535,-0.167351,-0.093419,0.720119,0.00472193,-0.687517,0.0747879,0.734956,-0.0700412,-0.670328,0,0,0,0,-0.102796,0.662813,0.730035,-0.131,-0.0440223,0.685104,0.0182967,0.726884,0.0788464,0.678896,0.0556423,0.727865,0,0,0,0,0.042454,-0.00886078,0.998159,-0.0424033,0,0,0,0,0,0,0,0,0,0,0,0,0,0,0,0,
0.0215947,-0.011409,0.999236,-0.0305087,0.0292659,-0.0116429,0.999041,-0.0304202,0.0377908,-0.00888896,0.996568,-0.0731064,0,0,0,0,-0.120721,0.788642,-0.58492,0.146079,0.721027,-0.652341,0.215928,0.0891496,0.424489,-0.496823,0.607764,-0.451219,0.485144,-0.421,0.639544,-0.422348,-0.0695284,0.791832,0.60022,-0.088901,0.685299,-0.485618,0.204991,-0.502512,-0.459805,0.442703,0.687516,-0.346288,-0.442046,0.4819,0.550323,-0.519145,0.150303,-0.645309,0.730337,-0.166113,-0.108266,0.712144,0.0142607,-0.693488,0.0957138,0.732231,-0.0730815,-0.670325,0,0,0,0,-0.103318,0.660881,0.730338,-0.138448,-0.0553519,0.690232,0.0165862,0.721277,0.0940284,0.660316,0.0575301,0.742854,0,0,0,0,0.0375478,-0.0101555,0.998027,-0.0492945,0,0,0,0,0,0,0,0,0,0,0,0,0,0,0,0,
0.0260162,-0.0106209,0.998693,-0.0426813,0.0332857,-0.0109313,0.998478,-0.0426029,0.041373,-0.008109,0.994871,-0.091941,0,0,0,0,-0.100242,0.770379,-0.609334,0.158681,0.715202,-0.654182,0.221896,0.10627,0.462299,-0.497074,0.566721,-0.466931,0.479737,-0.443222,0.672504,-0.34806,-0.0426453,0.768516,0.630726,-0.0987421,0.72676,-0.587864,-0.0648964,-0.349319,-0.43816,0.473625,0.647682,-0.405221,-0.447893,0.466424,0.633318,-0.425145,0.1449,-0.64257,0.731473,-0.176226,0.121294,-0.696081,-0.0272218,0.707119,-0.0895375,-0.662673,0.0841525,0.73876,0,0,0,0,-0.0924852,0.658667,0.732883,-0.143136,-0.0806145,0.685085,0.00827647,0.723942,0.121979,0.638966,0.0606117,0.757079,0,0,0,0,0.0410869,-0.00980027,0.996953,-0.0655854,0,0,0,0,0,0,0,0,0,0,0,0,0,0,0,0,
0.0238535,-0.00900126,0.998414,-0.0501954,0.0306349,-0.00934201,0.998229,-0.0501331,0.0381371,-0.00670507,0.994827,-0.0939131,0,0,0,0,-0.100077,0.772075,-0.606462,0.16152,0.726082,-0.647621,0.19567,0.1229,0.43094,-0.488808,0.607203,-0.454602,0.475496,-0.427512,0.64542,-0.417816,-0.0472217,0.774611,0.62184,-0.105182,0.728207,-0.600586,-0.131411,-0.302889,-0.446771,0.479521,0.63276,-0.412396,-0.45043,0.477447,0.624852,-0.422749,0.136654,-0.643864,0.731096,-0.179621,0.136908,-0.68726,-0.0374072,0.712412,0.0831696,0.732199,-0.075023,-0.671818,0,0,0,0,-0.0886595,0.655225,0.735532,-0.147689,-0.0964548,0.684767,0.00371078,0.722341,0.107127,0.686353,0.0421844,0.718097,0,0,0,0,0.037898,-0.00830358,0.996772,-0.0702886,0,0,0,0,0,0,0,0,0,0,0,0,0,0,0,0,
0.022789,-0.00752222,0.997999,-0.0585051,0.0316929,-0.00804394,0.997756,-0.0584356,0.0414153,-0.00569512,0.994085,-0.100233,0,0,0,0,-0.113963,0.783372,-0.586267,0.172137,-0.686897,0.637979,-0.348055,0.00352572,0.434725,-0.50347,0.564657,-0.488563,0.462341,-0.429904,0.688809,-0.356323,-0.0567027,0.786358,0.605097,-0.110835,0.725843,-0.616909,-0.0673808,-0.296708,-0.0630849,0.0200835,0.788225,-0.611816,-0.104838,0.659221,0.744315,0.0208069,0.129476,-0.64336,0.731675,-0.184322,0.155788,-0.692711,-0.0464119,0.702657,0.0591375,0.736954,-0.0491075,-0.671558,0,0,0,0,-0.0838967,0.652542,0.737447,-0.152716,-0.116739,0.665666,-0.00509473,0.737044,0.114007,0.696872,0.0429578,0.706772,0,0,0,0,0.0412024,-0.0073453,0.996153,-0.0769958,0,0,0,0,0,0,0,0,0,0,0,0,0,0,0,0,
0.0272486,-0.00638738,0.997334,-0.0673951,0.0337835,-0.00682888,0.997134,-0.0673518,0.0409591,-0.0040218,0.9929,-0.11161,0,0,0,0,-0.0944647,0.765103,-0.611328,0.17881,0.72784,-0.656158,0.137343,0.144372,0.732455,-0.657196,0.117704,-0.133225,0.122992,-0.557757,0.820795,-0.00874771,-0.0364655,0.760853,0.636383,-0.121615,0.707559,-0.611716,-0.0958994,-0.340539,-0.262761,0.197185,0.744406,-0.581322,-0.16836,0.662498,0.715169,-0.145894,0.126414,-0.638371,0.734636,-0.191862,0.16077,-0.586152,-0.075806,0.790463,0.118198,0.755112,-0.0765657,-0.640292,0,0,0,0,-0.074479,0.653934,0.736644,-0.155497,-0.136999,0.606728,-0.0221657,0.782701,0.116373,0.66522,0.0471925,0.736011,0,0,0,0,0.0407402,-0.0059069,0.995326,-0.087364,0,0,0,0,0,0,0,0,0,0,0,0,0,0,0,0,
0.0266179,-0.00287827,0.997255,-0.0690274,0.0274981,-0.0029392,0.997232,-0.0690248,0.0285202,-0.00184386,0.993342,-0.1116,0,0,0,0,-0.0980874,0.765356,-0.611391,0.175529,0.714952,-0.640752,0.0234225,0.278803,0.462848,-0.475099,0.595114,-0.453753,0.465332,-0.45055,0.668311,-0.365829,-0.0587673,0.78417,0.604123,-0.129072,0.715127,-0.608942,-0.136101,-0.315055,-0.265233,0.21496,0.736038,-0.584544,-0.1505,0.679386,0.696906,-0.173513,0.126523,-0.631351,0.740265,-0.193378,0.163765,-0.552419,-0.0912068,0.812216,0.117579,0.72997,-0.0557289,-0.67098,0,0,0,0,-0.074905,0.658804,0.731771,-0.157726,-0.154198,0.542643,-0.0361093,0.824898,0.121815,0.668544,0.0454518,0.732219,0,0,0,0,0.0284561,-0.00266738,0.995731,-0.0877691,0,0,0,0,0,0,0,0,0,0,0,0,0,0,0,0,
0.0146988,-0.00355033,0.996508,-0.0821166,0.0252222,-0.00441737,0.996297,-0.0820745,0.036345,-0.00279643,0.990986,-0.128912,0,0,0,0,-0.0712772,0.72609,-0.655882,0.19373,0.710587,-0.596795,-0.100431,0.358908,0.465748,-0.473648,0.615988,-0.423433,0.451714,-0.48545,0.636917,-0.393231,-0.0176143,0.725955,0.672184,-0.144384,0.707355,-0.619101,-0.164648,-0.298754,-0.28704,0.251545,0.711837,-0.589594,-0.179014,0.641593,0.731384,-0.146253,0.107401,-0.638372,0.736862,-0.194889,0.180008,-0.548162,-0.109388,0.809413,0.132472,0.732657,-0.0591719,-0.664954,0,0,0,0,-0.0735323,0.647486,0.739032,-0.170839,-0.164625,0.498338,-0.050122,0.849732,0.125883,0.68342,0.0423501,0.717842,0,0,0,0,0.0361455,-0.0045128,0.993751,-0.105507,0,0,0,0,0,0,0,0,0,0,0,0,0,0,0,0,
0.00910677,-0.00330741,0.99553,-0.0939491,0.0105323,-0.00344194,0.995516,-0.0939442,0.0125255,0.000233133,0.990743,-0.135174,0,0,0,0,-0.0671869,0.763881,-0.616509,0.178575,0.737491,-0.644582,0.17077,0.107047,0.377649,-0.412674,0.648681,-0.516037,0.278826,-0.513141,0.782432,-0.216201,-0.0502547,0.798454,0.581085,-0.149286,0.735028,-0.585768,-0.14103,-0.311,-0.30297,0.251669,0.737462,-0.548654,-0.186588,0.696438,0.67252,-0.166962,0.0958499,-0.633118,0.742099,-0.198152,0.199756,-0.552787,-0.126612,0.799058,0.148927,0.718764,-0.0707073,-0.675426,0,0,0,0,-0.0678694,0.646546,0.738025,-0.180807,-0.17744,0.460922,-0.0710858,0.86661,0.131415,0.759294,0.0324751,0.636513,0,0,0,0,0.0122371,-0.00197001,0.993546,-0.112755,0,0,0,0,0,0,0,0,0,0,0,0,0,0,0,0,
0.00624737,-0.00176611,0.995223,-0.0974162,0.00901635,-0.00203714,0.995201,-0.0974109,0.0124237,0.00210607,0.990308,-0.138314,0,0,0,0,-0.0620805,0.74278,-0.639928,0.186855,0.731417,-0.644291,0.036201,0.220472,0.411871,-0.420916,0.633673,-0.501648,0.309752,-0.548569,0.735618,-0.248983,-0.0450899,0.782124,0.601222,-0.157419,0.724839,-0.59788,-0.0301422,-0.34094,-0.0407723,0.0339869,0.805702,-0.589938,0.241709,0.650143,0.647394,-0.315866,0.0926043,-0.627194,0.747401,-0.198603,0.206472,-0.553328,-0.135227,0.795557,-0.143699,-0.610604,0.0942642,0.773064,0,0,0,0,-0.0665816,0.651137,0.733099,-0.184805,-0.189011,0.455989,-0.0767813,0.866287,0.147253,0.724863,0.0395528,0.671808,0,0,0,0,0.0121356,-0.000297622,0.993155,-0.116173,0,0,0,0,0,0,0,0,0,0,0,0,0,0,0,0,
0.00179092,0.000938189,0.994449,-0.105199,0.00477606,0.000622398,0.994439,-0.105201,0.00831972,0.00443205,0.989329,-0.145397,0,0,0,0,-0.048773,0.719859,-0.665213,0.192132,0.710022,-0.635831,-0.0462368,0.299081,0.45215,-0.497847,0.592878,-0.44295,0.461038,-0.464859,0.660807,-0.366993,-0.0373662,0.777639,0.605869,-0.16372,0.690276,-0.605195,-0.0799201,-0.388421,-0.314928,0.236694,0.733262,-0.554187,-0.217933,0.63516,0.725145,-0.15245,0.0846743,-0.621469,0.752428,-0.201142,0.221896,-0.579706,-0.141201,0.77121,0.11518,0.715679,-0.0800875,-0.684196,0,0,0,0,-0.0640575,0.652392,0.730387,-0.191873,-0.204288,0.46009,-0.0877223,0.859586,0.136158,0.778009,0.0277466,0.612693,0,0,0,0,0.00803434,0.00191879,0.992394,-0.122826,0,0,0,0,0,0,0,0,0,0,0,0,0,0,0,0,
0.000552806,0.00674438,0.992466,-0.122333,0.00488213,0.00621068,0.992454,-0.122361,0.00998621,0.0125327,0.985457,-0.16917,0,0,0,0,-0.0366614,0.706485,-0.673658,0.213821,-0.677918,0.642693,-0.350893,0.0651696,0.433016,-0.507922,0.569925,-0.479268,0.439396,-0.457758,0.6909,-0.346477,-0.0231738,0.745308,0.638457,-0.190661,0.714516,-0.590574,-0.126663,-0.353052,-0.315902,0.250838,0.73267,-0.548162,-0.195574,0.649033,0.70765,-0.199347,0.0659564,-0.621012,0.752384,-0.209554,0.247122,-0.576015,-0.170022,0.760414,0.145404,0.971168,0.000469265,-0.188919,0,0,0,0,-0.0522533,0.646765,0.734244,-0.199627,-0.231027,0.467047,-0.107031,0.846781,0.133916,0.69748,0.0467001,0.70243,0,0,0,0,0.00970887,0.00930997,0.98926,-0.145545,0,0,0,0,0,0,0,0,0,0,0,0,0,0,0,0,
0.0170326,0.00683061,0.984932,-0.171966,0.0143539,0.00729827,0.984975,-0.171947,0.0119823,0.0108912,0.983039,-0.182678,0,0,0,0,-0.0284061,0.690891,-0.683671,0.23336,0.736144,-0.650463,0.109968,0.151319,-0.0284521,0.123123,0.752257,-0.646638,0.0371662,-0.695946,0.716671,-0.0257006,-0.0108704,0.724486,0.6566,-0.209473,0.709863,-0.599583,-0.10728,-0.353674,-0.318197,0.281525,0.723955,-0.543492,-0.191147,0.657606,0.70489,-0.18479,0.048149,-0.60414,0.754334,-0.252344,0.290627,-0.574872,-0.22103,0.73226,0.126911,0.716357,-0.0779354,-0.681654,0,0,0,0,-0.0108249,0.636303,0.737955,-0.224552,-0.285866,0.488763,-0.167404,0.807073,0.167694,0.693509,0.0571903,0.698322,0,0,0,0,0.0119301,0.00942489,0.986264,-0.164478,0,0,0,0,0,0,0,0,0,0,0,0,0,0,0,0,
0.0185877,0.0120622,0.9838,-0.177895,0.021473,0.0115404,0.983741,-0.177929,0.0245457,0.0140405,0.978313,-0.205193,0,0,0,0,0.00150506,-0.661186,0.699056,-0.27231,0.712782,-0.642966,0.280163,0.00673672,0.443234,-0.504098,0.598067,-0.437888,0.435989,-0.520175,0.54193,-0.495624,0.0305309,0.683313,0.690633,-0.234897,0.697274,-0.548036,0.0816734,-0.454747,-0.437158,0.477499,0.659642,-0.381785,-0.472279,0.420787,0.687215,-0.357248,0.0413915,-0.607951,0.749791,-0.257866,0.372877,-0.535857,-0.294538,0.697902,0.125288,0.72349,-0.0615385,-0.676076,0,0,0,0,-0.00913816,0.628329,0.744177,-0.22654,-0.390518,0.459482,-0.22823,0.764384,0.124454,0.689752,0.0446532,0.71187,0,0,0,0,0.0246804,0.012951,0.982198,-0.185768,0,0,0,0,0,0,0,0,0,0,0,0,0,0,0,0,
0.00676095,0.0176898,0.983904,-0.177694,0.00251741,0.018456,0.983923,-0.177616,-0.0023122,0.0197992,0.978584,-0.204878,0,0,0,0,-0.0285968,0.690323,-0.678656,0.249123,0.653412,-0.60736,-0.159141,0.422895,0.41169,-0.388738,0.656971,-0.497778,0.318471,-0.517891,0.76639,-0.20739,-0.0284659,0.797224,0.563521,-0.214633,0.750639,-0.573947,-0.0386487,-0.325012,-0.391633,0.405128,0.697295,-0.443029,-0.259433,0.636426,0.699213,-0.196871,0.0377551,-0.595312,0.761658,-0.25309,0.378445,-0.529741,-0.309084,0.693268,0.126789,0.704701,-0.0585225,-0.695627,0,0,0,0,-0.0172005,0.641102,0.73072,-0.233968,-0.41399,0.453307,-0.236379,0.75316,0.130941,0.70854,0.0467813,0.691836,0,0,0,0,-0.00211835,0.0191232,0.982236,-0.186662,0,0,0,0,0,0,0,0,0,0,0,0,0,0,0,0,
0.010285,0.0113478,0.981877,-0.188901,0.0258714,0.00834753,0.98159,-0.189057,0.0417086,0.00604095,0.972566,-0.228776,0,0,0,0,-0.0370243,0.712259,-0.641479,0.282527,0.734615,-0.644579,0.196718,0.0784856,0.451793,-0.484323,0.598529,-0.450641,0.454824,-0.452687,0.680623,-0.353499,0.0248359,0.705561,0.668419,-0.23406,0.729266,-0.624032,-0.166543,-0.225872,-0.431592,0.461196,0.625888,-0.457484,-0.398184,0.427144,0.774353,-0.243668,0.0291738,-0.605633,0.751357,-0.260422,0.402632,-0.524583,-0.32854,0.674361,0.12616,0.727171,-0.0590866,-0.672172,0,0,0,0,-0.00758707,0.623793,0.744279,-0.23848,-0.429688,0.451981,-0.24878,0.741074,0.130394,0.683883,0.0534968,0.715849,0,0,0,0,0.0415717,0.00416215,0.976997,-0.209119,0,0,0,0,0,0,0,0,0,0,0,0,0,0,0,0,
0.00767891,0.0134126,0.98154,-0.190634,0.0194912,0.0111173,0.981376,-0.190781,0.0315395,0.0103345,0.973145,-0.227787,0,0,0,0,-0.0355752,0.687721,-0.667142,0.284068,0.725748,-0.650751,0.215365,0.0585664,0.452209,-0.49858,0.590349,-0.445435,0.465217,-0.468956,0.640921,-0.39099,0.0136263,0.714653,0.657714,-0.237692,0.728694,-0.579043,-0.0269725,-0.364673,-0.304635,0.383029,0.725798,-0.483429,-0.291075,0.162575,0.942099,-0.035978,0.0277123,-0.595177,0.760096,-0.259329,0.408591,-0.522176,-0.342861,0.665456,0.133364,0.721459,-0.0618634,-0.676672,0,0,0,0,-0.00500011,0.631504,0.737309,-0.239904,-0.452884,0.444206,-0.261926,0.727304,0.133407,0.68895,0.0541032,0.710368,0,0,0,0,0.0315666,0.00896415,0.977622,-0.207795,0,0,0,0,0,0,0,0,0,0,0,0,0,0,0,0,
0.0237501,0.0100896,0.979533,-0.199623,0.0238973,0.0100596,0.979529,-0.199625,0.024138,0.0132033,0.970811,-0.238262,0,0,0,0,-0.00900964,-0.648164,0.696331,-0.3081,0.708408,-0.628434,-0.0676814,0.314082,0.400669,-0.352669,0.6642,-0.523381,0.287808,-0.590129,0.729351,-0.192253,0.0254715,0.6897,0.678837,-0.250691,0.732712,-0.571342,-0.0200512,-0.369187,-0.403029,0.438341,0.683439,-0.422297,-0.314294,0.50356,0.784564,-0.179182,0.0311306,-0.597291,0.753531,-0.272884,0.423571,-0.514059,-0.351854,0.65767,0.137986,0.71771,-0.0659316,-0.679341,0,0,0,0,0.0123068,0.625725,0.743131,-0.236797,-0.459024,0.449395,-0.276397,0.714805,0.137958,0.690847,0.0573963,0.707392,0,0,0,0,0.0240539,0.0113051,0.975702,-0.217485,0,0,0,0,0,0,0,0,0,0,0,0,0,0,0,0,
0.022312,0.0109262,0.979358,-0.2006,0.0216651,0.0110587,0.979373,-0.200592,0.0210677,0.0142342,0.97117,-0.237027,0,0,0,0,-0.00592485,-0.647005,0.695732,-0.311939,-0.669024,0.626243,-0.395714,0.0603058,-0.489385,0.558537,-0.472773,0.474367,0.416945,-0.455874,0.718168,-0.320266,0.0160812,0.700804,0.667116,-0.252135,0.718238,-0.601734,-0.0399326,-0.347067,-0.432338,0.433042,0.651233,-0.448835,-0.373563,0.468974,0.759333,-0.25284,0.0302091,-0.593261,0.756876,-0.272521,0.430511,-0.509891,-0.36122,0.6513,0.1422,0.715701,-0.0674098,-0.680446,0,0,0,0,0.0123388,0.626559,0.742064,-0.237936,-0.468393,0.448553,-0.284856,0.705879,0.141401,0.692052,0.0599712,0.705318,0,0,0,0,0.0210018,0.0124284,0.975885,-0.216918,0,0,0,0,0,0,0,0,0,0,0,0,0,0,0,0,
0.0108008,0.0117182,0.979187,-0.202333,0.00848872,0.0121959,0.97921,-0.202305,0.00646186,0.0167188,0.971349,-0.236979,0,0,0,0,-0.00929159,-0.630566,0.708321,-0.317146,-0.636516,0.636067,-0.424871,0.098745,-0.441725,0.563094,-0.501894,0.485703,0.477641,-0.446468,0.652574,-0.382978,-0.00512011,0.722787,0.640829,-0.258633,0.725741,-0.616534,-0.110945,-0.284389,-0.324733,0.438694,0.686861,-0.479914,-0.354588,0.170237,0.909553,-0.134162,0.0238073,-0.585288,0.765098,-0.267387,0.435517,-0.507333,-0.366669,0.64691,0.141158,0.704697,-0.0696621,-0.691826,0,0,0,0,0.00904302,0.635434,0.732187,-0.245038,-0.47618,0.451803,-0.290144,0.696379,0.127792,0.704312,0.0589721,0.695799,0,0,0,0,0.00622069,0.0143897,0.975858,-0.217844,0,0,0,0,0,0,0,0,0,0,0,0,0,0,0,0,
0.0241721,0.0116347,0.974313,-0.223596,0.0330574,0.00959491,0.974052,-0.223693,0.0425624,0.0112825,0.96451,-0.260348,0,0,0,0,-0.0392245,-0.610891,0.723314,-0.319517,-0.645767,0.585251,-0.474662,0.12313,0.43311,-0.523184,0.572794,-0.458913,0.483972,-0.471796,0.576428,-0.45925,0.0968143,0.577636,0.760716,-0.279777,0.670609,-0.504835,0.181081,-0.51248,-0.42637,0.458075,0.684801,-0.373394,-0.443124,0.333863,0.806487,-0.204339,0.0107494,-0.599825,0.746365,-0.288155,0.44659,-0.51033,-0.372097,0.63377,0.15755,0.723604,-0.0858067,-0.666492,0,0,0,0,0.0269434,0.613272,0.748165,-0.251835,-0.478235,0.447368,-0.300236,0.69355,0.139391,0.678774,0.0617569,0.718346,0,0,0,0,0.0425643,0.0103983,0.967227,-0.250104,0,0,0,0,0,0,0,0,0,0,0,0,0,0,0,0,
0.024778,0.0126173,0.974075,-0.224512,0.0320436,0.0109422,0.973863,-0.2246,0.0395314,0.0119584,0.964477,-0.260917,0,0,0,0,-0.0378472,-0.5961,0.737239,-0.315771,0.728851,-0.614167,0.302148,0.0168121,-0.286456,0.236903,-0.662629,0.650186,0.141426,-0.652646,0.707705,-0.230661,0.092873,0.57468,0.764695,-0.276332,0.706308,-0.609969,-0.120297,-0.338519,-0.420748,0.475973,0.637912,-0.435304,-0.371964,0.506647,0.710135,-0.317269,0.0125418,-0.590292,0.753809,-0.288392,0.450344,-0.50817,-0.380072,0.628091,0.1589,0.721972,-0.086542,-0.667846,0,0,0,0,0.0296037,0.615635,0.746344,-0.251173,-0.487491,0.439001,-0.307795,0.689125,0.157749,0.67851,0.0635471,0.714634,0,0,0,0,0.0399746,0.012227,0.968613,-0.245035,0,0,0,0,0,0,0,0,0,0,0,0,0,0,0,0,
0.0311699,0.0100875,0.973578,-0.225993,0.0354198,0.00910084,0.973432,-0.226035,0.0397985,0.0106791,0.964296,-0.261601,0,0,0,0,-0.0352849,-0.572392,0.755368,-0.317084,0.734417,-0.63428,0.234655,0.05708,-0.205879,0.0682971,-0.688576,0.691963,0.0858822,-0.650694,0.737538,-0.158933,0.0937622,0.56443,0.773131,-0.273671,0.703847,-0.621491,-0.165679,-0.301493,-0.408731,0.488373,0.63178,-0.44191,-0.381242,0.502525,0.680022,-0.373756,0.0165958,-0.593354,0.749391,-0.293375,0.459159,-0.504939,-0.381894,0.623191,0.147664,0.724266,-0.0827637,-0.668419,0,0,0,0,0.0328793,0.609197,0.751957,-0.249718,-0.492452,0.43793,-0.31018,0.685198,0.160115,0.677387,0.0661346,0.714938,0,0,0,0,0.0401336,0.010433,0.969043,-0.243386,0,0,0,0,0,0,0,0,0,0,0,0,0,0,0,0,
0.0399234,0.00649254,0.973316,-0.225876,0.040799,0.00628932,0.97328,-0.225882,0.0418045,0.00911161,0.964385,-0.261021,0,0,0,0,-0.0373746,-0.564413,0.76364,-0.31128,0.730738,-0.655894,0.158847,0.102922,-0.00774104,0.0680032,0.734977,-0.67463,0.00738968,-0.694397,0.718436,-0.0400995,0.0997322,0.551988,0.783806,-0.266478,0.679847,-0.652621,-0.2288,-0.244018,-0.363851,0.410121,0.623567,-0.557295,-0.255531,0.526035,0.783489,-0.210086,0.0227092,-0.602225,0.7397,-0.299423,0.467058,-0.49794,-0.382871,0.622352,0.150138,0.725738,-0.0816913,-0.6664,0,0,0,0,0.0347632,0.599589,0.76045,-0.246981,-0.492945,0.440604,-0.311725,0.682422,0.159817,0.675675,0.0691715,0.716336,0,0,0,0,0.0419869,0.00835035,0.969211,-0.242483,0,0,0,0,0,0,0,0,0,0,0,0,0,0,0,0,
0.0509242,0.0032927,0.972989,-0.22514,0.05049,0.00339315,0.973012,-0.225139,0.0500644,0.00618646,0.964345,-0.259798,0,0,0,0,-0.0351486,-0.577701,0.755143,-0.307874,0.715989,-0.652557,0.246977,0.0230634,0.454439,-0.508418,0.582919,-0.441817,0.439961,-0.529629,0.540076,-0.483988,0.108124,0.535104,0.796536,-0.259816,0.68547,-0.644986,-0.190796,-0.278784,-0.336148,0.463274,0.648248,-0.502152,-0.258802,0.515522,0.743057,-0.339301,0.0289994,-0.610599,0.730141,-0.305323,0.47534,-0.491899,-0.387354,0.618097,0.149248,0.729129,-0.0793451,-0.663175,0,0,0,0,0.0389148,0.589487,0.769769,-0.241758,-0.493266,0.444734,-0.312236,0.679271,0.14731,0.673608,0.0694133,0.720926,0,0,0,0,0.0502035,0.00529034,0.969176,-0.241142,0,0,0,0,0,0,0,0,0,0,0,0,0,0,0,0,
0.0323966,0.00976653,0.971948,-0.23275,0.0289065,0.0106022,0.972058,-0.232713,0.0261022,0.0185095,0.961636,-0.272455,0,0,0,0,-0.0645297,-0.494236,0.81784,-0.287584,0.731779,-0.658192,0.134435,0.114938,0.442431,-0.50201,0.59721,-0.442245,0.423688,-0.529751,0.534949,-0.503668,0.103817,0.506315,0.815738,-0.259689,0.681196,-0.64957,-0.255938,-0.220286,-0.291604,0.445084,0.660123,-0.530194,-0.237726,0.463215,0.760541,-0.387938,0.0195401,-0.590789,0.747619,-0.302741,0.471638,-0.489159,-0.391431,0.620534,0.158233,0.71622,-0.0810878,-0.674845,0,0,0,0,0.0317352,0.607168,0.75086,-0.257969,-0.509405,0.440362,-0.315554,0.668591,0.163009,0.87654,0.0210643,0.452395,0,0,0,0,0.0257896,0.0155103,0.967315,-0.251785,0,0,0,0,0,0,0,0,0,0,0,0,0,0,0,0,
0.0303709,0.0110711,0.971144,-0.236292,0.0216784,0.0131853,0.971377,-0.236184,0.0128836,0.0205367,0.962137,-0.271487,0,0,0,0,-0.0715094,-0.479191,0.82649,-0.286666,0.724018,-0.665016,0.15524,0.0972254,0.443276,-0.509091,0.588551,-0.444905,0.42793,-0.532374,0.534359,-0.497909,0.0907034,0.510474,0.811172,-0.270533,-0.671879,0.652879,0.291768,0.192871,-0.39453,0.52942,0.593316,-0.460475,-0.431625,0.429316,0.718646,-0.336059,0.0140374,-0.586445,0.751366,-0.302217,0.479874,-0.490924,-0.3915,0.612734,0.152808,0.709796,-0.0893418,-0.681804,0,0,0,0,0.0337728,0.603941,0.752723,-0.259851,-0.514998,0.44363,-0.322925,0.65855,0.141142,0.692817,0.0733605,0.70335,0,0,0,0,0.012633,0.0180414,0.967305,-0.252659,0,0,0,0,0,0,0,0,0,0,0,0,0,0,0,0,
0.0255317,0.0151464,0.969511,-0.243245,0.0203159,0.0164547,0.969634,-0.24316,0.015373,0.0239544,0.958881,-0.282376,0,0,0,0,-0.0760013,-0.474423,0.827619,-0.290161,0.484063,-0.282973,-0.510082,0.652247,0.374985,-0.519588,0.667905,-0.378573,-0.505253,0.438345,-0.508746,0.541987,0.0987355,0.507851,0.811483,-0.271724,0.6832,-0.646587,-0.230723,-0.248859,-0.387939,0.493025,0.613711,-0.479362,-0.375256,0.445442,0.747288,-0.319883,0.00144358,-0.583454,0.753879,-0.302069,0.479295,-0.492072,-0.397694,0.608261,0.151697,0.711279,-0.0888295,-0.680573,0,0,0,0,0.0376855,0.60442,0.750522,-0.264524,-0.515332,0.448294,-0.32573,0.653732,0.142758,0.690294,0.0791059,0.704881,0,0,0,0,0.015017,0.0206996,0.964976,-0.261087,0,0,0,0,0,0,0,0,0,0,0,0,0,0,0,0,
0.0249439,0.0146339,0.968025,-0.24918,0.0211247,0.0156169,0.968116,-0.24912,0.0174434,0.0214774,0.957756,-0.286249,0,0,0,0,-0.0758119,-0.471088,0.827458,-0.296044,0.712097,-0.668055,0.041044,0.21198,0.19582,-0.170739,0.71826,-0.645449,0.0971887,-0.668104,0.724763,-0.137514,0.10327,0.505576,0.811433,-0.274419,0.689922,-0.63835,-0.230671,-0.251609,-0.172195,0.14477,0.713913,-0.663113,-0.0825504,0.680345,0.716587,-0.129686,-0.00288142,-0.581874,0.753753,-0.305402,0.484704,-0.489001,-0.402233,0.603448,0.15141,0.712134,-0.0890466,-0.679714,0,0,0,0,0.0409046,0.600254,0.752202,-0.268725,-0.515564,0.443465,-0.335381,0.65196,0.162488,0.686348,0.0802898,0.704328,0,0,0,0,0.0172033,0.0188917,0.96351,-0.266449,0,0,0,0,0,0,0,0,0,0,0,0,0,0,0,0,
0.0272651,0.0163165,0.967189,-0.252062,0.0188749,0.0185023,0.967389,-0.251911,0.0102418,0.0257972,0.957669,-0.286529,0,0,0,0,-0.0831898,-0.458941,0.835588,-0.290252,0.716346,-0.665652,0.0508001,0.202916,0.201798,-0.174463,0.718041,-0.642851,-0.0875878,0.696536,-0.693582,0.161587,0.0987733,0.503938,0.812478,-0.275989,0.695209,-0.632719,-0.228112,-0.253605,-0.153932,0.121579,0.723858,-0.661478,-0.0699881,0.701154,0.698513,-0.124759,-0.00287861,-0.575153,0.757879,-0.307912,0.487233,-0.487138,-0.409084,0.598289,0.151667,0.708037,-0.090112,-0.683784,0,0,0,0,0.0467739,0.604474,0.748642,-0.26825,-0.524038,0.438673,-0.341861,0.645043,0.161625,0.690352,0.0783085,0.700828,0,0,0,0,0.0100493,0.0233492,0.96313,-0.267832,0,0,0,0,0,0,0,0,0,0,0,0,0,0,0,0,
0.030818,0.0185126,0.966054,-0.255827,0.0216713,0.0209336,0.966302,-0.25564,0.0115173,0.0257091,0.957557,-0.286865,0,0,0,0,-0.081852,-0.45892,0.834569,-0.293576,0.710659,-0.666538,0.0463965,0.220314,0.413408,-0.510907,0.596632,-0.460542,0.514565,-0.388868,0.642822,-0.413261,0.0997347,0.504671,0.81135,-0.277617,0.679665,-0.648039,-0.195889,-0.282361,-0.333131,0.385839,0.651279,-0.562127,-0.217248,0.52235,0.803414,-0.185688,-0.00217585,-0.569268,0.760457,-0.312465,0.483134,-0.488397,-0.413464,0.597576,0.149782,0.708662,-0.0866049,-0.684005,0,0,0,0,0.0521867,0.60747,0.745741,-0.268565,-0.527518,0.437232,-0.343003,0.642574,0.160488,0.689725,0.0787359,0.701658,0,0,0,0,0.0115409,0.0240667,0.962747,-0.269082,0,0,0,0,0,0,0,0,0,0,0,0,0,0,0,0,
0.0453233,0.00800792,0.965492,-0.256334,0.0410192,0.00915046,0.965684,-0.256295,0.037407,0.0168169,0.956957,-0.287317,0,0,0,0,-0.0518743,-0.510352,0.791795,-0.331528,0.721482,-0.66253,0.0799347,0.184739,0.42977,-0.500225,0.596671,-0.457226,0.427681,-0.493408,0.630754,-0.419271,0.108215,0.517469,0.797353,-0.291107,0.680744,-0.649327,-0.2278,-0.251135,-0.390758,0.48447,0.609563,-0.490948,-0.367446,0.416638,0.791613,-0.254451,0.00797786,-0.575287,0.753264,-0.318709,0.495034,-0.483281,-0.415166,0.590777,0.163647,0.717802,-0.0962235,-0.669867,0,0,0,0,0.0672391,0.60397,0.7502,-0.260574,-0.521658,0.443899,-0.352928,0.637392,0.162086,0.677638,0.0843504,0.712334,0,0,0,0,0.0370533,0.0139234,0.96212,-0.269738,0,0,0,0,0,0,0,0,0,0,0,0,0,0,0,0,
0.0287509,0.0126589,0.965501,-0.258496,0.0186776,0.0153547,0.965749,-0.25835,0.00901268,0.0241891,0.957676,-0.286689,0,0,0,0,-0.059639,-0.50833,0.786758,-0.345046,0.65258,-0.464855,-0.315978,0.508141,0.394965,-0.531258,0.631302,-0.404013,-0.500019,0.457536,-0.536709,0.502579,0.0758116,0.602361,0.729923,-0.314047,0.69238,-0.628312,-0.310136,-0.172189,-0.370533,0.459717,0.627404,-0.507671,-0.309285,0.461605,0.787079,-0.2679,-0.00420362,-0.566593,0.763017,-0.311062,0.496673,-0.481221,-0.423971,0.584799,0.161872,0.702577,-0.0993657,-0.685791,0,0,0,0,0.0607586,0.61405,0.739401,-0.269326,-0.529923,0.436538,-0.366481,0.627939,0.167848,0.692427,0.0784485,0.697293,0,0,0,0,0.0084987,0.0209981,0.962506,-0.270314,0,0,0,0,0,0,0,0,0,0,0,0,0,0,0,0,
0.0368364,0.0102864,0.962149,-0.269828,0.0334574,0.0112339,0.962272,-0.26979,0.0291901,0.01301,0.950051,-0.310453,0,0,0,0,-0.0674429,-0.495378,0.795275,-0.342913,0.714768,-0.659573,0.227847,0.0464409,0.407944,-0.511719,0.62073,-0.431764,0.457059,-0.472971,0.580176,-0.480407,0.115923,0.526281,0.785236,-0.304951,-0.682727,0.638008,0.311004,0.173511,-0.406894,0.50601,0.594119,-0.474778,-0.422358,0.456849,0.682805,-0.382989,-0.00869347,-0.570213,0.755687,-0.322053,0.505569,-0.473873,-0.43042,0.578432,0.166146,0.71424,-0.0969342,-0.672949,0,0,0,0,0.0716461,0.601671,0.747183,-0.273088,-0.528474,0.430622,-0.378574,0.626068,0.175675,0.676651,0.0771808,0.710862,0,0,0,0,0.0294222,0.0122852,0.956419,-0.290253,0,0,0,0,0,0,0,0,0,0,0,0,0,0,0,0,
0.0367256,0.0100505,0.962213,-0.269622,0.0328394,0.0111392,0.962354,-0.269579,0.0287071,0.0151906,0.951027,-0.307398,0,0,0,0,-0.0681498,-0.491961,0.798466,-0.340269,0.738607,-0.641404,0.0542716,0.200288,0.417892,-0.511991,0.619649,-0.423399,0.450016,-0.492509,0.563672,-0.487026,0.11498,0.523239,0.787888,-0.303697,0.702119,-0.626231,-0.233554,-0.245593,-0.187397,0.165189,0.719812,-0.647661,-0.078929,0.674889,0.717544,-0.153055,-0.00888106,-0.569618,0.756398,-0.321431,0.504995,-0.479749,-0.428844,0.575251,0.151269,0.716331,-0.0946398,-0.674559,0,0,0,0,0.0722749,0.602099,0.746958,-0.272594,-0.525422,0.425689,-0.384599,0.628335,0.206648,0.672549,0.0839226,0.705643,0,0,0,0,0.0284368,0.0129091,0.956761,-0.289194,0,0,0,0,0,0,0,0,0,0,0,0,0,0,0,0,
0.0626361,0.000772107,0.959431,-0.274898,0.0485869,0.0047955,0.960245,-0.274857,0.0334596,0.0115597,0.950415,-0.308963,0,0,0,0,-0.0663356,-0.483905,0.803814,-0.339586,0.738571,-0.639836,0.0492795,0.206629,0.431416,-0.49774,0.614961,-0.433541,0.419729,-0.516205,0.589667,-0.457879,0.121161,0.502296,0.801793,-0.300244,-0.672929,0.653068,0.286527,0.196395,-0.661118,0.67772,0.237865,-0.216883,-0.133289,0.469557,0.868847,-0.082792,0.00377873,-0.576046,0.744803,-0.336787,0.514083,-0.474069,-0.434803,0.567383,0.15025,0.719265,-0.094594,-0.671665,0,0,0,0,0.0984897,0.597055,0.752134,-0.260998,-0.5308,0.434595,-0.384878,0.617452,0.16301,0.675182,0.0778276,0.715192,0,0,0,0,0.0332162,0.00952301,0.9559,-0.291652,0,0,0,0,0,0,0,0,0,0,0,0,0,0,0,0,
0.0591535,0.00354612,0.958938,-0.277356,0.0417415,0.00857882,0.959854,-0.277246,0.0231771,0.0176231,0.950008,-0.310866,0,0,0,0,-0.0730583,-0.46812,0.812918,-0.338659,0.66965,-0.478147,-0.28148,0.493674,0.439323,-0.509372,0.641035,-0.369608,-0.473459,0.498381,-0.500214,0.526535,0.111189,0.50362,0.799122,-0.308882,0.695771,-0.63275,-0.252389,-0.227661,-0.396218,0.475809,0.62032,-0.481477,-0.343761,0.491069,0.737419,-0.311276,0.000426978,-0.571239,0.748489,-0.336823,0.512242,-0.469231,-0.43948,0.569462,0.16557,0.711195,-0.0986357,-0.676061,0,0,0,0,0.0967757,0.597909,0.750403,-0.264642,-0.529701,0.430905,-0.38762,0.619264,0.191566,0.676909,0.0853681,0.705556,0,0,0,0,0.0228888,0.0153309,0.955524,-0.293623,0,0,0,0,0,0,0,0,0,0,0,0,0,0,0,0,
0.0531569,0.00293096,0.958615,-0.279683,0.0387889,0.00712089,0.959304,-0.279608,0.0235603,0.0153902,0.949691,-0.311922,0,0,0,0,-0.0714454,-0.457335,0.818795,-0.33958,0.657919,-0.458777,-0.30727,0.512105,0.427535,-0.509703,0.647427,-0.371826,-0.472173,0.491026,-0.494095,0.540201,0.112176,0.49597,0.804,-0.308244,0.693364,-0.636486,-0.242254,-0.235469,-0.405713,0.491606,0.612148,-0.467968,-0.394197,0.440927,0.748346,-0.300286,-0.00400569,-0.569171,0.750781,-0.335197,0.520194,-0.471098,-0.436556,0.562924,0.157076,0.713376,-0.102592,-0.675201,0,0,0,0,0.0931993,0.594693,0.751521,-0.269946,-0.524607,0.418797,-0.401727,0.622906,0.185555,0.675742,0.0635497,0.710566,0,0,0,0,0.0232584,0.0131774,0.955143,-0.294936,0,0,0,0,0,0,0,0,0,0,0,0,0,0,0,0,
0.0679695,0.00235933,0.957988,-0.278628,0.0476271,0.00827087,0.959214,-0.278516,0.0253748,0.0171621,0.95011,-0.310406,0,0,0,0,-0.0707045,-0.453469,0.822738,-0.335365,0.723426,-0.651206,0.0655793,0.219738,0.428886,-0.489057,0.606681,-0.456966,0.424395,-0.49071,0.620563,-0.440448,0.113511,0.488756,0.810011,-0.303505,-0.655669,0.663147,0.327535,0.15184,-0.396649,0.521477,0.56318,-0.503547,-0.422469,0.424047,0.726714,-0.337034,0.00470097,-0.573212,0.744527,-0.342176,0.520144,-0.471465,-0.446748,0.554605,0.153104,0.715024,-0.101676,-0.674508,0,0,0,0,0.101446,0.592033,0.755438,-0.261761,-0.534184,0.418706,-0.399549,0.616193,0.186294,0.675043,0.071773,0.710254,0,0,0,0,0.0252757,0.0154517,0.955566,-0.293285,0,0,0,0,0,0,0,0,0,0,0,0,0,0,0,0,
0.0617485,0.0155617,0.958322,-0.278502,0.0428382,0.0210507,0.959354,-0.27814,0.0266749,0.047744,0.949445,-0.309134,0,0,0,0,-0.0780855,-0.480186,0.808294,-0.33164,0.713657,-0.66943,0.134217,0.156658,0.395514,-0.476406,0.61238,-0.491524,0.414427,-0.359541,0.791353,-0.269704,0.10006,0.46831,0.818105,-0.3184,0.692792,-0.638618,-0.235961,-0.237759,-0.390023,0.473261,0.621285,-0.487761,-0.343826,0.47392,0.750721,-0.305943,-0.00664156,-0.571334,0.747655,-0.338444,0.519369,-0.470885,-0.448588,0.554339,0.152745,0.716055,-0.0998391,-0.67377,0,0,0,0,0.0935827,0.593042,0.754998,-0.263669,-0.542854,0.43176,-0.387367,0.607322,0.154946,0.678953,0.0791097,0.713271,0,0,0,0,0.0251437,0.0397634,0.955212,-0.292159,0,0,0,0,0,0,0,0,0,0,0,0,0,0,0,0,
0.0609364,0.0216167,0.958052,-0.279205,0.040817,0.0274714,0.95912,-0.278689,0.0209421,0.0461332,0.949563,-0.309457,0,0,0,0,-0.0835535,-0.48681,0.804918,-0.32885,0.704518,-0.671664,0.203454,0.105491,0.369998,-0.450773,0.618771,-0.526334,0.379859,-0.319969,0.836484,-0.231563,0.0956129,0.4703,0.815802,-0.322712,0.700845,-0.631328,-0.128166,-0.306292,-0.331365,0.402486,0.674419,-0.52284,-0.209447,0.518045,0.818712,-0.132179,-0.00971552,-0.568895,0.749322,-0.338793,0.519336,-0.471911,-0.447416,0.554445,0.150054,0.71487,-0.0997281,-0.675647,0,0,0,0,0.0916771,0.594603,0.75379,-0.264277,-0.542622,0.432448,-0.38716,0.607171,0.155131,0.680571,0.0794211,0.711653,0,0,0,0,0.0205661,0.0421656,0.955018,-0.292815,0,0,0,0,0,0,0,0,0,0,0,0,0,0,0,0,
0.0489717,0.0275336,0.958617,-0.279099,0.0346709,0.0316926,0.959241,-0.278657,0.0200323,0.0445008,0.949757,-0.30916,0,0,0,0,-0.0850732,-0.491301,0.802883,-0.326748,0.712191,-0.669642,0.136402,0.160493,0.389562,-0.464093,0.615508,-0.503993,0.398465,-0.36103,0.798837,-0.269709,0.0952078,0.468733,0.816803,-0.32258,0.700744,-0.628589,-0.109216,-0.319227,-0.302921,0.374261,0.69154,-0.538461,-0.172937,0.540752,0.81824,-0.0903489,-0.0188552,-0.56698,0.753174,-0.333026,0.519941,-0.468302,-0.450775,0.554217,0.159065,0.713883,-0.10185,-0.674312,0,0,0,0,0.0826795,0.599485,0.748906,-0.270041,-0.544162,0.43043,-0.391023,0.604746,0.155769,0.679938,0.0784802,0.712223,0,0,0,0,0.0199912,0.0417223,0.95513,-0.292551,0,0,0,0,0,0,0,0,0,0,0,0,0,0,0,0,
0.0491614,0.0295176,0.958489,-0.279303,0.0341598,0.0338836,0.959141,-0.278807,0.0188393,0.0474982,0.949512,-0.309542,0,0,0,0,-0.0866511,-0.495547,0.800185,-0.32654,0.715765,-0.666766,0.0976804,0.183198,0.379116,-0.457044,0.625859,-0.505651,0.367513,-0.371662,0.814311,-0.252388,0.0926654,0.468796,0.815829,-0.325679,0.699126,-0.635054,-0.121191,-0.305355,-0.317417,0.407661,0.676129,-0.52527,-0.238592,0.353995,0.897588,-0.109986,-0.0194071,-0.56601,0.753719,-0.333412,0.519314,-0.468647,-0.451156,0.554204,0.158584,0.713362,-0.101659,-0.675005,0,0,0,0,0.0820646,0.599791,0.748703,-0.270111,-0.541648,0.427685,-0.392689,0.607863,0.180551,0.677067,0.0856509,0.708269,0,0,0,0,0.0188931,0.0448746,0.954941,-0.292774,0,0,0,0,0,0,0,0,0,0,0,0,0,0,0,0,
0.0491636,0.0256769,0.958267,-0.280442,0.0353299,0.0297212,0.958877,-0.280042,0.0171093,0.0279494,0.948831,-0.314078,0,0,0,0,-0.0843134,-0.477193,0.810261,-0.32963,0.716512,-0.666636,0.105838,0.176083,0.372964,-0.459052,0.629396,-0.504014,0.403589,-0.314632,0.815198,-0.271246,0.100505,0.472192,0.815404,-0.319452,0.699454,-0.636566,-0.12267,-0.300833,-0.200567,0.318413,0.717978,-0.585571,-0.123797,0.304185,0.937255,-0.117042,-0.0178068,-0.564434,0.754706,-0.333942,0.526892,-0.476616,-0.443081,0.546718,0.125763,0.718048,-0.0969306,-0.677639,0,0,0,0,0.0844818,0.599749,0.748146,-0.271,-0.543595,0.429549,-0.391881,0.605328,0.172507,0.678599,0.0852942,0.708851,0,0,0,0,0.0191007,0.0323576,0.95454,-0.295706,0,0,0,0,0,0,0,0,0,0,0,0,0,0,0,0,
0.0504379,0.0284449,0.957822,-0.281468,0.0349929,0.032978,0.95851,-0.280973,0.0188581,0.0449389,0.949573,-0.309736,0,0,0,0,-0.0846552,-0.487838,0.803551,-0.330384,0.716907,-0.66672,0.106365,0.173827,0.363643,-0.452172,0.634899,-0.510106,0.371812,-0.315882,0.841248,-0.232973,0.0933686,0.470487,0.814397,-0.326624,0.700018,-0.637404,-0.126796,-0.295997,-0.28638,0.390096,0.687272,-0.541727,-0.195987,0.330061,0.922053,-0.0496711,-0.0190412,-0.56132,0.756689,-0.334633,0.526434,-0.475021,-0.44804,0.544502,0.129762,0.717236,-0.0976976,-0.677635,0,0,0,0,0.0874034,0.602635,0.745894,-0.269877,-0.544037,0.42718,-0.396523,0.603582,0.171138,0.678842,0.0819227,0.709348,0,0,0,0,0.0182643,0.0404985,0.954783,-0.293964,0,0,0,0,0,0,0,0,0,0,0,0,0,0,0,0,
0.0487976,0.026142,0.957898,-0.28172,0.0346538,0.0302973,0.958514,-0.281303,0.0180098,0.0351296,0.948837,-0.313289,0,0,0,0,-0.0858326,-0.481337,0.807789,-0.329277,0.717438,-0.666371,0.101533,0.17585,0.368958,-0.456554,0.632197,-0.505723,0.381892,-0.323747,0.829426,-0.24779,0.0994091,0.473397,0.814179,-0.321131,0.70045,-0.637923,-0.1268,-0.293845,-0.260054,0.370288,0.697263,-0.555952,-0.190911,0.262229,0.942702,-0.0781184,-0.0185119,-0.560651,0.75744,-0.334084,0.526228,-0.472051,-0.448436,0.546952,0.130624,0.71732,-0.0938738,-0.677921,0,0,0,0,0.0868124,0.60198,0.745991,-0.271259,-0.543028,0.424795,-0.399167,0.60443,0.165278,0.67915,0.0751453,0.711191,0,0,0,0,0.0188185,0.0355054,0.954367,-0.295922,0,0,0,0,0,0,0,0,0,0,0,0,0,0,0,0,
0.0474823,0.0250386,0.957919,-0.281976,0.0337479,0.0290775,0.958501,-0.281588,0.0171345,0.0320546,0.948901,-0.313474,0,0,0,0,-0.0860539,-0.476498,0.81085,-0.328734,0.717109,-0.666704,0.105425,0.173625,0.363593,-0.45145,0.63506,-0.51058,0.354492,-0.334067,0.844466,-0.222737,0.100967,0.475937,0.813384,-0.318897,0.699949,-0.638894,-0.131247,-0.290963,-0.249934,0.359927,0.700323,-0.563501,-0.166526,0.286851,0.942713,-0.0357389,-0.0187292,-0.560324,0.757886,-0.33361,0.522318,-0.466357,-0.453507,0.551386,0.158255,0.712086,-0.102075,-0.676365,0,0,0,0,0.0862398,0.601463,0.7461,-0.272285,-0.547028,0.428361,-0.394691,0.601237,0.200832,0.675211,0.100942,0.702544,0,0,0,0,0.0180544,0.0329736,0.954382,-0.296214,0,0,0,0,0,0,0,0,0,0,0,0,0,0,0,0,
0.0482015,0.0295909,0.958117,-0.280737,0.0330385,0.0340284,0.958759,-0.280234,0.0177041,0.0473993,0.950624,-0.306193,0,0,0,0,-0.0847172,-0.492433,0.801378,-0.328826,0.715968,-0.66813,0.123181,0.16068,0.329462,-0.423057,0.652184,-0.535849,0.330868,-0.275856,0.876955,-0.213023,0.0905164,0.475045,0.811893,-0.327061,0.683781,-0.626129,-0.120699,-0.354736,-0.407616,0.457342,0.63356,-0.472535,-0.389375,0.406862,0.779324,-0.274782,-0.0191256,-0.55986,0.758239,-0.333563,0.534464,-0.479776,-0.439765,0.539231,0.12273,0.718031,-0.106849,-0.676722,0,0,0,0,0.0836644,0.602134,0.746249,-0.271196,-0.54436,0.424993,-0.397463,0.604215,0.16066,0.680576,0.0738919,0.711017,0,0,0,0,0.0173681,0.0438401,0.95539,-0.29156,0,0,0,0,0,0,0,0,0,0,0,0,0,0,0,0,
0.0473816,0.0313848,0.958308,-0.280029,0.032701,0.0356693,0.958921,-0.279515,0.017657,0.0482,0.950761,-0.305645,0,0,0,0,-0.0836769,-0.496909,0.798293,-0.32986,0.713634,-0.670278,0.142445,0.145477,0.357173,-0.444571,0.634896,-0.52124,0.372279,-0.278419,0.862273,-0.200939,0.0886771,0.47654,0.810405,-0.329074,0.701618,-0.636795,-0.132839,-0.290823,-0.342532,0.431611,0.661943,-0.50815,-0.274235,0.363922,0.879233,-0.138941,-0.0202368,-0.559846,0.758659,-0.332566,0.526512,-0.468627,-0.451916,0.546759,0.14329,0.715443,-0.0986015,-0.676673,0,0,0,0,0.0824123,0.603147,0.745679,-0.270897,-0.545088,0.425392,-0.398083,0.602868,0.201194,0.599955,0.12251,0.764569,0,0,0,0,0.0175605,0.0453276,0.955598,-0.290636,0,0,0,0,0,0,0,0,0,0,0,0,0,0,0,0,
0.048374,0.0333138,0.958315,-0.279612,0.0335985,0.0376193,0.958947,-0.279065,0.0180818,0.0490332,0.950634,-0.305883,0,0,0,0,-0.0847926,-0.502209,0.795492,-0.328312,0.707681,-0.671957,0.189673,0.108099,0.34582,-0.43603,0.635792,-0.534841,0.360973,-0.270186,0.869193,-0.202981,0.0897294,0.479502,0.809031,-0.327864,0.70166,-0.6365,-0.127432,-0.293773,-0.324179,0.416518,0.671672,-0.519881,-0.256856,0.337396,0.897506,-0.121124,-0.0196476,-0.559048,0.75903,-0.333097,0.524965,-0.469861,-0.451006,0.547938,0.140642,0.716168,-0.0966885,-0.676739,0,0,0,0,0.081742,0.603511,0.745701,-0.270227,-0.545377,0.428263,-0.395054,0.602567,0.206831,0.677661,0.101375,0.69837,0,0,0,0,0.0182911,0.0470355,0.955582,-0.290374,0,0,0,0,0,0,0,0,0,0,0,0,0,0,0,0,
0.0490542,0.0298717,0.958453,-0.279409,0.0359271,0.0336943,0.959035,-0.278973,0.0181029,0.0295133,0.951159,-0.306753,0,0,0,0,-0.0773235,-0.487694,0.802576,-0.334735,0.714058,-0.667572,0.16551,0.130671,0.361608,-0.434554,0.633298,-0.528522,0.317398,-0.369598,0.853713,-0.183929,0.0942059,0.480762,0.809233,-0.324244,0.698965,-0.641633,-0.140056,-0.283089,-0.318975,0.354905,0.67613,-0.561378,-0.205812,0.504017,0.831236,-0.112496,-0.0171839,-0.559739,0.758413,-0.333476,0.530413,-0.476233,-0.443735,0.543105,0.127463,0.718988,-0.100931,-0.675738,0,0,0,0,0.0827266,0.602505,0.746438,-0.270139,-0.541132,0.421424,-0.400723,0.607453,0.17853,0.676437,0.0766335,0.710413,0,0,0,0,0.0202588,0.0346889,0.956108,-0.290249,0,0,0,0,0,0,0,0,0,0,0,0,0,0,0,0,
0.0465043,0.0267688,0.958884,-0.278681,0.0377167,0.0293211,0.959269,-0.278424,0.0246135,0.023189,0.951052,-0.307175,0,0,0,0,-0.0700378,-0.484306,0.803202,-0.33972,0.712624,-0.665117,0.192821,0.112279,0.377995,-0.469397,0.624995,-0.496152,0.542183,-0.224945,0.737051,-0.334953,0.101982,0.484967,0.8082,-0.318151,0.705319,-0.624751,-0.0916507,-0.322197,-0.408927,0.493997,0.630265,-0.43762,-0.440171,0.441673,0.673856,-0.396349,-0.0169825,-0.56064,0.758588,-0.33157,0.524519,-0.47056,-0.449476,0.549021,0.142971,0.719138,-0.0975605,-0.672965,0,0,0,0,0.0814654,0.602096,0.746523,-0.271195,-0.53997,0.419399,-0.401908,0.609104,0.180344,0.673473,0.0749401,0.712947,0,0,0,0,0.0261572,0.0264778,0.956322,-0.289935,0,0,0,0,0,0,0,0,0,0,0,0,0,0,0,0,
0.034686,0.0280713,0.958817,-0.280496,0.0295582,0.0295709,0.958989,-0.280342,0.0211123,0.0244929,0.950785,-0.30816,0,0,0,0,-0.0742754,-0.473287,0.810906,-0.336026,0.708856,-0.669436,0.189383,0.116245,0.321325,-0.445022,0.652908,-0.521935,0.763199,-0.204294,0.513013,-0.335572,0.102122,0.486804,0.807983,-0.315842,0.704576,-0.627295,-0.0946052,-0.318,-0.306229,0.41318,0.685605,-0.51522,-0.272414,0.237986,0.926023,-0.10787,-0.0261838,-0.555972,0.764291,-0.325681,0.528305,-0.479093,-0.441747,0.544264,0.141487,0.716584,-0.112125,-0.673733,0,0,0,0,0.0765497,0.603907,0.743235,-0.277558,-0.545976,0.430529,-0.390875,0.603135,0.193044,0.674647,0.0993079,0.705495,0,0,0,0,0.0224326,0.0270842,0.956012,-0.291213,0,0,0,0,0,0,0,0,0,0,0,0,0,0,0,0,
0.0382031,0.0231273,0.95877,-0.280651,0.0334218,0.0245265,0.958949,-0.280532,0.0261265,0.0218135,0.950741,-0.308113,0,0,0,0,-0.0685009,-0.473804,0.808823,-0.341502,0.711507,-0.667341,0.183606,0.121253,0.387448,-0.471718,0.616715,-0.49702,0.492542,-0.246221,0.789759,-0.270294,0.10642,0.490339,0.805966,-0.314104,0.705179,-0.631456,-0.108413,-0.303698,-0.307654,0.412009,0.682713,-0.519135,-0.276243,0.199236,0.937648,-0.0693602,-0.0216445,-0.558311,0.761735,-0.327994,0.521887,-0.473006,-0.44547,0.552681,0.187618,0.710889,-0.12805,-0.665612,0,0,0,0,0.0790374,0.601398,0.745282,-0.276818,-0.540081,0.430633,-0.39203,0.607602,0.201329,0.680074,0.0967034,0.698294,0,0,0,0,0.0271581,0.0235229,0.955962,-0.291283,0,0,0,0,0,0,0,0,0,0,0,0,0,0,0,0,
0.0384038,0.0212842,0.960034,-0.27642,0.036842,0.0217338,0.960095,-0.276385,0.0335674,0.0195231,0.952157,-0.303133,0,0,0,0,-0.0554962,-0.480067,0.801865,-0.351382,0.735221,-0.584454,-0.0658836,0.336932,0.458038,-0.486831,0.628259,-0.398105,-0.434879,0.533778,-0.509859,0.515757,0.106569,0.497392,0.801487,-0.314425,0.704516,-0.634627,-0.109042,-0.298355,-0.314903,0.423906,0.676119,-0.513812,-0.300515,0.210201,0.923702,-0.110823,-0.0172053,-0.560736,0.760939,-0.325961,0.53284,-0.490406,-0.429965,0.539179,0.120861,0.725215,-0.115779,-0.66787,0,0,0,0,0.0756045,0.601823,0.746076,-0.274707,-0.539843,0.434941,-0.386683,0.608171,0.140639,0.676171,0.0742275,0.719378,0,0,0,0,0.0342729,0.0202297,0.957155,-0.286827,0,0,0,0,0,0,0,0,0,0,0,0,0,0,0,0,
0.0279769,0.0229472,0.961343,-0.272967,0.0258289,0.023557,0.961403,-0.272915,0.0225014,0.0236132,0.953117,-0.300839,0,0,0,0,-0.0617515,-0.469871,0.809481,-0.346625,0.711187,-0.56349,-0.133519,0.398579,0.45399,-0.480987,0.634996,-0.399155,-0.432289,0.52453,-0.516308,0.52098,0.0967059,0.514379,0.791085,-0.316618,0.706239,-0.638538,-0.138696,-0.272507,-0.322703,0.425786,0.670386,-0.514929,-0.30693,0.208675,0.92622,-0.0660762,-0.0192039,-0.553018,0.769706,-0.318362,0.510998,-0.478006,-0.44195,0.561312,0.125292,0.718673,-0.0819932,-0.679035,0,0,0,0,0.0685502,0.609778,0.739348,-0.277193,-0.530541,0.425011,-0.393531,0.618891,0.17435,0.67797,0.0701041,0.710665,0,0,0,0,0.0229181,0.0233413,0.958181,-0.284287,0,0,0,0,0,0,0,0,0,0,0,0,0,0,0,0,
0.0298011,0.0208889,0.963188,-0.266355,0.0285167,0.0212441,0.963227,-0.266327,0.0264919,0.0221831,0.95526,-0.293743,0,0,0,0,-0.0541564,-0.480911,0.803609,-0.346417,0.7063,-0.576046,-0.126601,0.391515,0.441194,-0.491782,0.628405,-0.410616,0.447953,-0.498639,0.545199,-0.503443,0.0942447,0.51432,0.792475,-0.313967,0.685885,-0.642578,-0.216825,-0.263899,-0.425622,0.486799,0.595586,-0.476601,-0.394182,0.418141,0.789717,-0.214769,-0.0132892,-0.560664,0.765311,-0.315877,0.509307,-0.485238,-0.433882,0.562935,0.119631,0.720338,-0.0855562,-0.67785,0,0,0,0,0.0633198,0.609056,0.74189,-0.273204,-0.524821,0.435357,-0.382685,0.623362,0.21607,0.714919,0.0840704,0.659649,0,0,0,0,0.0267433,0.021388,0.960121,-0.277479,0,0,0,0,0,0,0,0,0,0,0,0,0,0,0,0,
0.0331591,0.0181542,0.964503,-0.261352,0.0323268,0.0183797,0.964531,-0.261336,0.0309505,0.0198131,0.956181,-0.29046,0,0,0,0,-0.0480228,-0.492594,0.796393,-0.347566,0.717922,-0.602352,-0.0735106,0.341111,0.443665,-0.5064,0.613728,-0.412381,0.456569,-0.505258,0.550885,-0.482478,0.0944595,0.513809,0.793511,-0.312118,0.678183,-0.647234,-0.203135,-0.282653,-0.412101,0.476812,0.601605,-0.490809,-0.426043,0.345345,0.801938,-0.236896,-0.0078704,-0.568684,0.759823,-0.314969,0.504023,-0.492732,-0.421751,0.570353,0.116984,0.722855,-0.0877743,-0.675345,0,0,0,0,0.0598118,0.605114,0.746753,-0.26948,-0.514332,0.446292,-0.373834,0.629709,0.216577,0.725815,0.0857865,0.647246,0,0,0,0,0.0311553,0.0188419,0.961154,-0.273599,0,0,0,0,0,0,0,0,0,0,0,0,0,0,0,0,
0.0354848,0.0170389,0.966192,-0.254799,0.0358821,0.0169341,0.966178,-0.254806,0.035937,0.0184057,0.957966,-0.284026,0,0,0,0,-0.0408864,-0.499246,0.793323,-0.346006,0.720399,-0.63304,-0.00932062,0.283195,0.429211,-0.515694,0.606362,-0.426805,0.468505,-0.48246,0.578761,-0.461271,0.095736,0.51871,0.793093,-0.304595,0.674402,-0.648792,-0.201621,-0.289136,-0.410726,0.481843,0.600139,-0.488839,-0.439629,0.334138,0.79543,-0.249737,-0.000437141,-0.571788,0.758378,-0.312924,0.494369,-0.500228,-0.411223,0.579886,0.117341,0.72601,-0.0879066,-0.671873,0,0,0,0,0.0555839,0.606364,0.747678,-0.264971,-0.500633,0.43918,-0.371755,0.64675,0.166631,0.67424,0.0628701,0.716716,0,0,0,0,0.0361182,0.0173428,0.962786,-0.267278,0,0,0,0,0,0,0,0,0,0,0,0,0,0,0,0,
0.0346164,0.0166522,0.967759,-0.248934,0.0344722,0.0166893,0.967764,-0.248931,0.0340319,0.0184651,0.96014,-0.276824,0,0,0,0,-0.0394227,-0.506944,0.791148,-0.339911,0.718215,-0.63563,-0.0144659,0.282723,0.41248,-0.511308,0.613035,-0.438877,0.460178,-0.466325,0.599844,-0.459309,0.0913678,0.531463,0.787258,-0.299038,0.669892,-0.650817,-0.190555,-0.302275,-0.41506,0.48817,0.595869,-0.484103,-0.467161,0.302589,0.797311,-0.233442,0.00446494,-0.574006,0.757991,-0.309753,0.488865,-0.502356,-0.405389,0.586779,0.126544,0.723814,-0.0919567,-0.67203,0,0,0,0,0.0490894,0.606796,0.748585,-0.262697,-0.499003,0.444867,-0.363065,0.649055,0.158226,0.677018,0.0648881,0.715822,0,0,0,0,0.0341767,0.017324,0.964758,-0.260336,0,0,0,0,0,0,0,0,0,0,0,0,0,0,0,0,
0.0290393,0.0174552,0.969959,-0.240898,0.027232,0.017904,0.970011,-0.240865,0.0251302,0.0205317,0.962795,-0.268276,0,0,0,0,-0.0450305,-0.486944,0.810428,-0.322589,0.710549,-0.666912,0.068831,0.213566,0.41545,-0.520276,0.59496,-0.450263,0.463971,-0.469919,0.600724,-0.450597,0.0847042,0.529836,0.792921,-0.288747,0.666879,-0.652108,-0.196987,-0.302033,-0.451703,0.516657,0.565969,-0.456846,-0.521462,0.334931,0.749169,-0.233761,0.0102556,-0.57367,0.760488,-0.304067,0.484737,-0.510699,-0.390275,0.593213,0.0954818,0.724484,-0.0809049,-0.677835,0,0,0,0,0.03572,0.607595,0.74874,-0.262566,-0.497664,0.449256,-0.350287,0.654063,0.223465,0.684742,0.0965264,0.686931,0,0,0,0,0.0252117,0.0191809,0.967283,-0.251715,0,0,0,0,0,0,0,0,0,0,0,0,0,0,0,0,
0.0206477,0.017632,0.972861,-0.229794,0.0295436,0.0155299,0.972631,-0.229945,0.0388827,0.0145552,0.966643,-0.25274,0,0,0,0,-0.0214253,-0.513187,0.792411,-0.329037,0.714678,-0.658686,0.057914,0.228067,0.420882,-0.519907,0.597841,-0.441748,0.461593,-0.479727,0.593919,-0.451724,0.0820069,0.531699,0.794153,-0.282652,0.662742,-0.646915,-0.135525,-0.352004,-0.427538,0.477878,0.599036,-0.479583,-0.431937,0.377545,0.779017,-0.253028,0.0214217,-0.570129,0.765598,-0.297244,0.476178,-0.508177,-0.382253,0.607365,0.103085,0.729428,-0.0747369,-0.672104,0,0,0,0,0.0139772,0.605858,0.750225,-0.26439,-0.494497,0.445738,-0.339124,0.664669,0.145452,0.677787,0.0618418,0.718069,0,0,0,0,0.0390018,0.0135516,0.970494,-0.237564,0,0,0,0,0,0,0,0,0,0,0,0,0,0,0,0,
0.00862248,0.0343506,0.959338,-0.280029,0.0227963,0.0302093,0.959106,-0.280506,0.0357483,0.0150839,0.963036,-0.266563,0,0,0,0,-0.0512992,-0.495885,0.796556,-0.342003,0.724354,-0.65294,0.0674277,0.210793,0.415631,-0.513617,0.609548,-0.438062,0.443589,-0.48544,0.606695,-0.446652,0.107133,0.520206,0.792517,-0.299708,0.675052,-0.642866,-0.269824,-0.241296,-0.433754,0.498735,0.574274,-0.483042,-0.429277,0.427946,0.74372,-0.281895,-0.0287581,-0.540118,0.777873,-0.319937,0.416992,-0.545756,-0.362961,0.629704,0.11088,0.726688,-0.0757255,-0.673718,0,0,0,0,0.0528796,0.622409,0.722506,-0.296304,-0.46301,0.480709,-0.312495,0.675934,0.162002,0.673548,0.093424,0.715094,0,0,0,0,0.0366136,0.0195357,0.960371,-0.275617,0,0,0,0,0,0,0,0,0,0,0,0,0,0,0,0,
0.0213722,0.022658,0.969873,-0.241612,0.0216449,0.02259,0.969867,-0.241618,0.0205062,0.0202251,0.960356,-0.277285,0,0,0,0,-0.0413799,-0.505208,0.791707,-0.34096,0.68698,-0.680243,0.029853,0.253844,0.0990044,-0.0942673,0.726505,-0.673425,0.0340464,-0.688366,0.720681,-0.0749156,0.0745395,0.57467,0.756422,-0.303355,0.659631,-0.654791,-0.149387,-0.337372,-0.435532,0.504238,0.580936,-0.467513,-0.473125,0.365265,0.759327,-0.257209,-0.000457286,-0.577675,0.759149,-0.299973,0.415532,-0.546423,-0.354735,0.634759,0.0882728,0.721544,-0.0635265,-0.683774,0,0,0,0,0.0332139,0.6116,0.744779,-0.264852,-0.432214,0.4808,-0.313885,0.695341,0.126099,0.687293,0.0506076,0.713559,0,0,0,0,0.0205735,0.0185108,0.966397,-0.255561,0,0,0,0,0,0,0,0,0,0,0,0,0,0,0,0,
0.00957159,0.0274119,0.969854,-0.241952,0.0180923,0.0252851,0.969732,-0.242183,0.026533,0.0239009,0.961253,-0.273344,0,0,0,0,-0.0456408,-0.522477,0.785306,-0.328982,0.688077,-0.591466,-0.128937,0.400118,0.406298,-0.504076,0.623954,-0.43762,0.420203,-0.502492,0.566935,-0.499516,0.0830522,0.549457,0.776481,-0.297114,0.673984,-0.678921,-0.193288,-0.217835,-0.368893,0.505416,0.601106,-0.497136,-0.422957,0.280456,0.83519,-0.211917,-0.00985629,-0.580968,0.75829,-0.295593,0.406053,-0.551618,-0.339237,0.644792,0.0826304,0.724329,-0.0619237,-0.681678,0,0,0,0,0.0221707,0.614534,0.73995,-0.272637,-0.412305,0.487692,-0.297815,0.709554,0.124,0.685312,0.0492572,0.715923,0,0,0,0,0.0264423,0.0215443,0.966359,-0.254926,0,0,0,0,0,0,0,0,0,0,0,0,0,0,0,0,
0.016066,0.024687,0.97197,-0.233252,0.0104387,0.026037,0.972047,-0.233106,0.00424979,0.0300055,0.964236,-0.263308,0,0,0,0,-0.0561191,-0.501909,0.803316,-0.31563,0.669367,-0.594735,-0.148623,0.419702,0.397046,-0.522795,0.609518,-0.44444,0.445688,-0.479292,0.594302,-0.467383,0.0608707,0.581601,0.754475,-0.297998,0.695618,-0.635431,-0.174815,-0.285976,-0.420551,0.475623,0.613774,-0.469257,-0.32745,0.620828,0.543762,-0.460077,0.00720792,-0.57125,0.766186,-0.294246,0.393197,-0.552396,-0.326159,0.658692,0.0914,0.713279,-0.0642956,-0.691914,0,0,0,0,0.0236669,0.626622,0.732749,-0.264318,-0.402231,0.490039,-0.290345,0.716779,0.114158,0.697134,0.0409517,0.706608,0,0,0,0,0.00419263,0.0278386,0.968946,-0.245663,0,0,0,0,0,0,0,0,0,0,0,0,0,0,0,0,
0.0253127,0.0203874,0.973476,-0.226467,0.0284256,0.0196631,0.973391,-0.226531,0.031353,0.0208817,0.96506,-0.259308,0,0,0,0,-0.0365781,-0.515741,0.795303,-0.316491,0.686843,-0.682498,0.0407157,0.246546,0.10638,-0.106768,0.721845,-0.675443,0.0300982,-0.692076,0.716186,-0.0848641,0.0836236,0.541388,0.788817,-0.278701,0.686953,-0.648522,-0.0921186,-0.31469,-0.392712,0.499681,0.616894,-0.46426,-0.354857,0.543716,0.598529,-0.469268,0.0162842,-0.585579,0.754683,-0.295441,0.377386,-0.559415,-0.312314,0.668652,0.0918521,0.729063,-0.0611822,-0.67549,0,0,0,0,0.0222725,0.619908,0.741235,-0.256493,-0.3847,0.501608,-0.274704,0.724523,0.0992875,0.682331,0.0426861,0.723011,0,0,0,0,0.0315181,0.0194776,0.969876,-0.240763,0,0,0,0,0,0,0,0,0,0,0,0,0,0,0,0,
0.00521881,0.0233768,0.974948,-0.221138,0.0165046,0.0208153,0.974822,-0.221394,0.0281447,0.0204313,0.966299,-0.255064,0,0,0,0,-0.030073,-0.544676,0.77358,-0.322488,0.71052,-0.649974,0.0221065,0.268715,0.416433,-0.517384,0.602312,-0.442852,0.413396,-0.529065,0.561298,-0.483878,0.0707168,0.57547,0.763099,-0.285504,0.681193,-0.668821,-0.156848,-0.253088,-0.0128329,-0.0102556,0.728122,-0.685251,-0.0256512,0.69069,0.722638,-0.0091452,0.0042921,-0.579196,0.766114,-0.278537,0.356355,-0.57021,-0.298445,0.67735,0.0847688,0.725086,-0.0569691,-0.681042,0,0,0,0,0.0121976,0.632493,0.729232,-0.260815,-0.379983,0.494346,-0.268733,0.734178,0.0908414,0.687991,0.0316146,0.719316,0,0,0,0,0.0282904,0.019025,0.971062,-0.23638,0,0,0,0,0,0,0,0,0,0,0,0,0,0,0,0,
-0.00307281,0.0257215,0.977201,-0.21073,0.0122627,0.0224114,0.977129,-0.211108,0.0283155,0.0218351,0.970075,-0.240158,0,0,0,0,-0.0159527,-0.572782,0.754234,-0.320621,0.699117,-0.682208,0.121082,0.176541,0.11545,-0.122777,0.711363,-0.68232,0.0265282,-0.685739,0.720762,-0.0977812,0.0543934,0.595518,0.749281,-0.284567,0.673996,-0.675803,-0.162692,-0.250104,0.104497,-0.0866056,-0.712214,0.688717,-0.0571418,0.63901,0.765379,-0.0509402,0.00481874,-0.588008,0.762749,-0.26914,0.350498,-0.570434,-0.291613,0.683168,0.0794929,0.725818,-0.0522024,-0.681281,0,0,0,0,-0.0043144,0.630936,0.731122,-0.259542,-0.35756,0.498732,-0.251117,0.74857,0.0791348,0.689059,0.0249953,0.719938,0,0,0,0,0.0284139,0.0202667,0.974178,-0.223067,0,0,0,0,0,0,0,0,0,0,0,0,0,0,0,0,
-0.0021769,0.0246821,0.978249,-0.205949,0.00482282,0.0232079,0.97824,-0.20612,0.0121366,0.0253032,0.970291,-0.240309,0,0,0,0,-0.0255918,-0.567962,0.760733,-0.31313,0.70118,-0.67867,0.166316,0.141748,0.385981,-0.524837,0.606723,-0.455469,0.420548,-0.505667,0.547793,-0.517071,0.0397454,0.627919,0.722444,-0.286729,0.687118,-0.668662,-0.18273,-0.217648,-0.0588256,0.0379673,0.718739,-0.691746,-0.0311444,0.633081,0.77177,-0.0510799,0.00799043,-0.590939,0.761521,-0.266108,0.333972,-0.579654,-0.278264,0.689227,0.0706512,0.717943,-0.0496621,-0.690724,0,0,0,0,-0.00475924,0.635657,0.728403,-0.255632,-0.336311,0.500083,-0.236454,0.762169,0.105934,0.696125,0.0315083,0.709363,0,0,0,0,0.0121687,0.0233276,0.974875,-0.221193,0,0,0,0,0,0,0,0,0,0,0,0,0,0,0,0,
-0.00191168,0.0233816,0.979983,-0.197696,0.00600645,0.0217835,0.979966,-0.197878,0.014285,0.0230063,0.972776,-0.230161,0,0,0,0,-0.0502193,-0.504954,0.821425,-0.260309,0.656587,-0.699133,0.0226372,0.282125,0.119843,-0.11258,0.705932,-0.688929,0.0312051,-0.682636,0.721245,-0.11331,0.0719528,0.549171,0.79736,-0.239689,0.634546,-0.616753,0.0691662,-0.460634,-0.365758,0.494225,0.628574,-0.476296,-0.447439,0.300065,0.788568,-0.296513,0.0134643,-0.600152,0.755599,-0.262117,0.316758,-0.580834,-0.261776,0.702687,0.0707889,0.723274,-0.0453372,-0.685426,0,0,0,0,-0.01312,0.631612,0.733344,-0.2512,-0.310753,0.506281,-0.214934,0.775188,0.0951836,0.691765,0.0298735,0.715199,0,0,0,0,0.0143656,0.0213862,0.976936,-0.21197,0,0,0,0,0,0,0,0,0,0,0,0,0,0,0,0,
0.0135175,0.0190789,0.982467,-0.184965,0.016086,0.0185953,0.982428,-0.185015,0.0186437,0.0204125,0.976808,-0.212326,0,0,0,0,-0.0102534,-0.565451,0.771168,-0.292335,0.615044,-0.463054,-0.300349,0.56311,0.350305,-0.499383,0.667651,-0.426785,-0.40532,0.478416,-0.491555,0.604324,0.0353577,0.607454,0.748787,-0.262808,-0.651622,0.694155,0.273255,0.137365,-0.482933,0.625255,0.47999,-0.381367,-0.397194,0.263131,0.849245,-0.227559,0.0379797,-0.599288,0.754739,-0.26416,0.295934,-0.580799,-0.243913,0.718054,0.0687216,0.724213,-0.0383195,-0.685073,0,0,0,0,-0.012586,0.636511,0.733827,-0.23705,-0.293254,0.506593,-0.200564,0.785582,0.0835535,0.692308,0.0241646,0.716341,0,0,0,0,0.0187304,0.0189944,0.980309,-0.195661,0,0,0,0,0,0,0,0,0,0,0,0,0,0,0,0,
0.00917441,0.0182186,0.984227,-0.175731,0.0174703,0.0167367,0.984115,-0.175878,0.0259701,0.0177368,0.977543,-0.208378,0,0,0,0,-0.0145498,-0.558568,0.783201,-0.272738,0.694713,-0.665981,0.0490495,0.267277,0.38879,-0.51709,0.603407,-0.46622,0.397951,-0.519806,0.543066,-0.525849,0.0532355,0.597399,0.764736,-0.235497,-0.658549,0.691152,0.155029,0.25414,-0.588553,0.657489,0.374431,-0.284806,-0.2062,0.426999,0.875979,-0.0883946,0.0440482,-0.603119,0.753461,-0.258077,0.274222,-0.585245,-0.223785,0.729528,0.0555581,0.729978,-0.0296434,-0.680563,0,0,0,0,-0.0241458,0.637495,0.73323,-0.235353,-0.259938,0.50717,-0.167748,0.804407,0.0856766,0.687268,0.0295008,0.72073,0,0,0,0,0.0260697,0.0162311,0.981356,-0.18973,0,0,0,0,0,0,0,0,0,0,0,0,0,0,0,0,
0.0133746,0.0163026,0.9866,-0.161789,0.0182867,0.0154969,0.986521,-0.161868,0.0233024,0.0166285,0.982299,-0.18512,0,0,0,0,0.0150861,-0.608829,0.742298,-0.279452,0.682194,-0.539231,-0.179194,0.460142,0.381255,-0.506892,0.650146,-0.418348,-0.399044,0.509802,-0.460266,0.607471,0.0158686,0.649164,0.721181,-0.241315,0.677646,-0.676381,-0.191733,-0.215737,0.0962377,-0.0756892,-0.704933,0.698627,-0.0226507,0.679736,0.727933,-0.0869501,0.0582975,-0.60839,0.749922,-0.253141,0.266013,-0.580409,-0.209392,0.74062,0.0317998,0.728084,-0.0171584,-0.684535,0,0,0,0,-0.0330672,0.638126,0.735335,-0.225795,-0.230816,0.50582,-0.145163,0.818411,0.0757023,0.691775,0.0247365,0.717708,0,0,0,0,0.0233592,0.0153569,0.984956,-0.17053,0,0,0,0,0,0,0,0,0,0,0,0,0,0,0,0,
0.017273,0.0173734,0.988547,-0.148912,0.0194039,0.0170524,0.988507,-0.148949,0.021401,0.0195066,0.982985,-0.181391,0,0,0,0,0.00645429,-0.611053,0.749058,-0.255899,0.69993,-0.637253,-0.0224422,0.321718,0.38061,-0.520361,0.617424,-0.45072,0.419384,-0.501771,0.533021,-0.536872,0.0219549,0.653771,0.723453,-0.22072,-0.655349,0.658976,0.296055,0.2205,0.303544,-0.253286,-0.617309,0.680174,-0.166473,0.62963,0.73217,-0.19945,0.0702706,-0.611956,0.747448,-0.248783,0.205577,-0.604708,-0.166123,0.751312,0.0556517,0.726128,-0.032844,-0.684516,0,0,0,0,-0.0411347,0.640992,0.735287,-0.216309,-0.210954,0.510651,-0.117081,0.825243,0.0654075,0.692777,0.02129,0.717864,0,0,0,0,0.021521,0.0178816,0.986296,-0.162595,0,0,0,0,0,0,0,0,0,0,0,0,0,0,0,0,
0.00251402,0.0159615,0.990644,-0.135511,0.0141379,0.0143703,0.990546,-0.135689,0.0260139,0.0147792,0.985113,-0.169288,0,0,0,0,-0.00183625,-0.553236,0.80062,-0.230074,0.612972,-0.483175,-0.268952,0.564333,0.352934,-0.500818,0.665092,-0.426933,-0.397283,0.485714,-0.458862,0.629041,0.042083,0.595297,0.778934,-0.192645,-0.610478,0.690786,0.174646,0.345875,0.322626,-0.262021,-0.632715,0.653398,-0.195479,0.61285,0.741874,-0.189277,0.075002,-0.616335,0.747501,-0.236109,0.194372,-0.620889,-0.142965,0.74584,0.0496689,0.729831,-0.0294364,-0.681185,0,0,0,0,-0.0641667,0.639221,0.734416,-0.218889,-0.195257,0.630128,-0.0623674,0.748948,0.0417939,0.690154,0.0162121,0.722273,0,0,0,0,0.0261685,0.013719,0.988072,-0.151132,0,0,0,0,0,0,0,0,0,0,0,0,0,0,0,0,
2.33981e-005,0.0179074,0.9967,-0.0791733,0.0122313,0.0169364,0.996625,-0.0793867,0.0237119,0.0156819,0.989238,-0.143526,0,0,0,0,0.0164023,-0.579853,0.785763,-0.214656,0.690234,-0.654254,0.0218702,0.308302,0.34883,-0.517539,0.622908,-0.471652,-0.432913,0.46625,-0.524394,0.565871,0.0182331,0.621999,0.762089,-0.178901,-0.64875,0.702367,0.255907,0.142533,-0.662589,0.7483,0.0109545,-0.0300556,-0.0127644,0.564142,0.824629,-0.0395893,0.111879,-0.615767,0.754333,-0.198231,0.13642,-0.69851,-0.06974,0.699006,0.0378626,0.728657,-0.0295345,-0.683193,0,0,0,0,-0.0989871,0.664784,0.717037,-0.184719,-0.127628,0.692332,0.0110009,0.710117,0.0416939,0.69223,0.0192782,0.720213,0,0,0,0,0.0240167,0.0153987,0.991731,-0.125125,0,0,0,0,0,0,0,0,0,0,0,0,0,0,0,0,
0.0149047,0.0098091,0.996867,-0.0770617,0.0173781,0.00961786,0.996827,-0.0770858,0.0196998,0.0130461,0.990931,-0.132276,0,0,0,0,0.0289965,-0.609056,0.76637,-0.202205,-0.675303,0.701577,-0.170806,-0.150269,0.372291,-0.44326,0.583983,-0.569108,0.266825,-0.542511,0.748001,-0.273827,-0.00169973,0.647666,0.742577,-0.1706,-0.677011,0.677931,0.229085,0.172007,0.0791984,0.108388,-0.686976,0.714174,0.268727,0.603342,0.653969,-0.368902,0.122302,-0.620702,0.74755,-0.202339,-0.0881891,0.713499,0.033724,-0.694265,0.0309799,0.726038,-0.0325837,-0.686183,0,0,0,0,-0.0880152,0.663478,0.722011,-0.17536,-0.0606739,0.692865,0.00514904,0.718492,0.019148,0.654988,0.0178622,0.755186,0,0,0,0,0.0197194,0.0106827,0.99391,-0.107889,0,0,0,0,0,0,0,0,0,0,0,0,0,0,0,0,
0.0149934,0.0084736,0.997068,-0.0745531,0.0170351,0.00832092,0.997036,-0.0745703,0.0189584,0.0108772,0.992596,-0.119478,0,0,0,0,0.0377561,-0.628102,0.751929,-0.196637,0.689648,-0.689813,0.144026,0.166733,0.402595,-0.518893,0.581254,-0.480428,0.402462,-0.503695,0.633537,-0.427723,-0.0121488,0.663407,0.729607,-0.165582,-0.673811,0.679544,0.219033,0.190324,0.0501099,-0.0386408,-0.698147,0.713153,-0.00703884,0.67391,0.737232,-0.0477892,0.12263,-0.624541,0.744898,-0.200093,-0.0848425,0.713695,0.0300331,-0.694651,0.0502472,0.750651,-0.0458982,-0.657184,0,0,0,0,-0.0886828,0.662227,0.723638,-0.173031,-0.0557346,0.693418,0.00633854,0.718349,0.0191558,0.61867,0.0185493,0.785198,0,0,0,0,0.018995,0.00918126,0.994862,-0.0990222,0,0,0,0,0,0,0,0,0,0,0,0,0,0,0,0,
0.0166267,0.00508246,0.997649,-0.0662833,0.0186551,0.00494768,0.997614,-0.0662935,0.0206027,0.00591936,0.994878,-0.098787,0,0,0,0,0.0591074,-0.656647,0.725522,-0.197331,-0.688869,0.685534,-0.197371,-0.128637,0.397194,-0.449004,0.58082,-0.550709,0.319301,-0.516019,0.722422,-0.331477,-0.0321203,0.687435,0.707042,-0.162766,-0.674727,0.676484,0.20644,0.210937,0.706008,-0.705278,-0.0371189,0.0525104,-0.0360341,0.631341,0.774502,-0.0160191,0.129334,-0.628107,0.742091,-0.195077,-0.0792423,0.71487,0.0229812,-0.694373,0.0328829,0.725139,-0.0418935,-0.68654,0,0,0,0,-0.0923824,0.662428,0.724314,-0.1674,-0.0481189,0.693226,0.00896102,0.719057,0.0380727,0.581967,0.0240097,0.811966,0,0,0,0,0.0207229,0.006086,0.996061,-0.0860008,0,0,0,0,0,0,0,0,0,0,0,0,0,0,0,0,
0.01339,0.00350321,0.998215,-0.0580954,0.0150769,0.00340503,0.998191,-0.0581013,0.0167563,0.00483821,0.995682,-0.0911721,0,0,0,0,0.0629628,-0.691218,0.696671,-0.181391,-0.690507,0.637894,-0.339926,-0.0272234,0.404425,-0.466022,0.58265,-0.528946,0.319749,-0.558248,0.62476,-0.442487,-0.052021,0.72845,0.668696,-0.139641,-0.697137,0.674845,0.232534,0.0671748,-0.0659755,0.0750083,-0.696142,0.71092,0.10537,0.418229,0.898212,-0.0848401,0.132426,-0.631488,0.740557,-0.187779,-0.0731792,0.713058,0.018396,-0.697033,0.0338416,0.785431,-0.0387536,-0.616808,0,0,0,0,-0.0992914,0.662476,0.724133,-0.164007,-0.0409591,0.696172,0.0135263,0.716578,0.0121962,0.694054,0.0260551,0.719348,0,0,0,0,0.0168238,0.00466433,0.996813,-0.0778383,0,0,0,0,0,0,0,0,0,0,0,0,0,0,0,0,
0.0129352,0.000561814,0.998737,-0.0485482,0.0146938,0.000476328,0.998713,-0.0485491,0.0166337,0.00358589,0.996534,-0.081423,0,0,0,0,-0.0879641,0.704813,-0.68414,0.165694,0.71676,-0.650403,0.222947,0.116299,0.215006,-0.255368,0.698988,-0.632437,0.0832879,-0.676951,0.720043,-0.127819,-0.0652064,0.735474,0.660428,-0.136605,0.717712,-0.664001,-0.168569,-0.124807,0.721142,-0.668944,-0.00420558,0.18014,0.753997,-0.218286,0.19779,0.587128,0.138097,-0.636037,0.737356,-0.180809,-0.068296,0.712877,0.0116675,-0.697859,0.0109637,0.723649,-0.0372464,-0.689075,0,0,0,0,-0.105109,0.661826,0.725181,-0.158275,-0.0320755,0.697158,0.0170294,0.715997,0.0197817,0.717743,0.0229162,0.69565,0,0,0,0,0.0166844,0.003496,0.997433,-0.0695525,0,0,0,0,0,0,0,0,0,0,0,0,0,0,0,0,
0.0147727,-0.00197817,0.999097,-0.0397871,0.0164658,-0.0020456,0.999071,-0.0397837,0.018458,0.00216975,0.997013,-0.0749682,0,0,0,0,-0.0969999,0.719772,-0.668424,0.160402,0.717968,-0.641317,0.0944179,0.253613,0.421277,-0.491991,0.616232,-0.448027,0.451182,-0.446032,0.654017,-0.412011,-0.0710505,0.737418,0.658702,-0.131445,-0.701321,0.668995,0.238448,0.0611271,0.719013,-0.684055,0.00823834,-0.122562,0.0494624,0.598538,0.7947,0.0880754,0.14496,-0.639164,0.734565,-0.175699,-0.0640758,0.714321,0.00581232,-0.696854,0.00972241,0.72361,-0.0391006,-0.689032,0,0,0,0,-0.109192,0.662066,0.7257,-0.152004,-0.0241913,0.696241,0.0201369,0.717118,0.0105306,0.693687,0.0240659,0.719797,0,0,0,0,0.0184786,0.00188373,0.997867,-0.0625845,0,0,0,0,0,0,0,0,0,0,0,0,0,0,0,0,
0.0194629,-0.00389203,0.999191,-0.0349894,0.0145589,-0.00372026,0.999274,-0.0350081,0.00993709,0.00256968,0.99717,-0.0744803,0,0,0,0,-0.0847489,0.741027,-0.650971,0.141186,0.7244,-0.644621,0.126844,0.20885,0.425821,-0.500552,0.612487,-0.4393,0.460692,-0.441069,0.666366,-0.386234,-0.0703411,0.736986,0.65984,-0.128508,0.727982,-0.653226,-0.132655,-0.160436,0.74184,-0.597071,-0.0676508,0.297663,0.687841,-0.19821,0.148381,0.682328,0.150715,-0.640769,0.732293,-0.17449,-0.0607842,0.71774,0.00142791,-0.693652,0.012162,0.718497,-0.0403248,-0.694254,0,0,0,0,-0.108802,0.662532,0.726483,-0.146412,-0.0182714,0.693062,0.0221592,0.720306,0.0190155,0.762989,0.0236424,0.645699,0,0,0,0,0.00985271,0.00101128,0.998238,-0.0585107,0,0,0,0,0,0,0,0,0,0,0,0,0,0,0,0,
0.0172479,-0.00491965,0.999376,-0.0304412,0.0158668,-0.00487758,0.999399,-0.030448,0.0149495,0.00213638,0.997141,-0.0740407,0,0,0,0,-0.08985,0.736909,-0.654674,0.142457,0.724156,-0.632358,0.0987746,0.256835,0.444815,-0.443071,0.617889,-0.47333,0.373934,-0.523018,0.690382,-0.331659,-0.0683245,0.735611,0.662769,-0.122247,0.723283,-0.632575,-0.0169476,-0.276447,0.766564,-0.630971,0.0608032,-0.102752,0.00480391,0.667026,0.7365,0.112347,0.151901,-0.643048,0.731101,-0.170022,-0.0586526,0.71634,0.000518909,-0.695282,0.0398057,0.783782,-0.0430692,-0.618261,0,0,0,0,-0.112694,0.662071,0.726683,-0.144545,-0.0122766,0.694743,0.0253226,0.718707,0.0211781,0.757124,0.0246359,0.652463,0,0,0,0,0.0147873,-0.000351629,0.998397,-0.0546262,0,0,0,0,0,0,0,0,0,0,0,0,0,0,0,0,
0.0165545,-0.00490952,0.999477,-0.0273528,0.0181274,-0.00495256,0.999449,-0.027345,0.0202098,0.00159111,0.997102,-0.0733236,0,0,0,0,-0.0720327,0.737298,-0.659364,0.128228,0.723219,-0.633678,0.0937089,0.258118,0.449886,-0.438912,0.614626,-0.476649,0.374076,-0.524475,0.703162,-0.300926,-0.0445772,0.75006,0.652673,-0.0971617,0.721334,-0.631044,-0.0552916,-0.280006,-0.223054,0.258215,0.732201,-0.589452,-0.138892,0.553455,0.820945,0.0211151,0.153112,-0.643903,0.730675,-0.167512,-0.0578859,0.715933,0.00177475,-0.695763,0.0379676,0.764564,-0.0475614,-0.641668,0,0,0,0,-0.114964,0.662285,0.726492,-0.142728,-0.00889509,0.69525,0.0281327,0.718162,-0.0171318,0.689251,0.0248034,0.723895,0,0,0,0,0.0200245,-0.00115315,0.998477,-0.0513888,0,0,0,0,0,0,0,0,0,0,0,0,0,0,0,0,
0.0169992,-0.00674729,0.999601,-0.0215414,0.0193909,-0.00679881,0.999557,-0.0215252,0.0218795,-0.00981167,0.998701,-0.0449565,0,0,0,0,-0.106362,0.760209,-0.628035,0.127837,0.726439,-0.633437,0.107802,0.243769,0.43866,-0.430948,0.621931,-0.484833,0.364385,-0.514183,0.71135,-0.31116,-0.075531,0.761447,0.636677,-0.0955858,0.719832,-0.632104,-0.0537145,-0.281783,-0.00226554,-0.0355081,0.780823,-0.623739,-0.0695861,0.684756,0.724752,0.031639,0.157199,-0.645853,0.728971,-0.163596,-0.0556891,0.716348,-0.000623577,-0.695517,0.0449285,0.734286,-0.0549831,-0.675116,0,0,0,0,-0.118013,0.662248,0.726774,-0.138926,-0.00573591,0.694903,0.0299023,0.718458,0.00708588,0.771966,0.0245374,0.63515,0,0,0,0,0.0219039,-0.0078959,0.999085,-0.0358843,0,0,0,0,0,0,0,0,0,0,0,0,0,0,0,0,
0.0203874,-0.00687186,0.999604,-0.0181123,0.022622,-0.00691233,0.999556,-0.0180969,0.0250454,-0.00845373,0.998459,-0.0488006,0,0,0,0,-0.109341,0.754685,-0.633599,0.130569,0.726452,-0.629454,0.0987905,0.257481,0.399742,-0.377153,0.654533,-0.51918,0.280969,-0.589198,0.724919,-0.219989,-0.0743937,0.759889,0.639016,-0.0932356,0.7207,-0.632702,-0.0564642,-0.277653,0.00357797,-0.0415228,0.779931,-0.624476,0.265183,0.61014,0.690038,-0.285052,0.161271,-0.645684,0.72838,-0.162933,-0.0535027,0.718915,-0.0029605,-0.693029,0.0285831,0.724927,-0.0532799,-0.686166,0,0,0,0,-0.117948,0.663444,0.726477,-0.134766,-0.00361161,0.692431,0.0322383,0.720755,0.0109374,0.779795,0.0248979,0.625444,0,0,0,0,0.0249997,-0.00763085,0.999058,-0.0346439,0,0,0,0,0,0,0,0,0,0,0,0,0,0,0,0,
0.0190543,-0.00719742,0.999675,-0.0153073,0.0206385,-0.00722167,0.999644,-0.0152958,0.0224903,-0.00713659,0.998444,-0.050523,0,0,0,0,-0.103429,0.76251,-0.62672,0.122893,0.730097,-0.632227,0.125736,0.226798,0.449478,-0.458612,0.611965,-0.461674,0.394492,-0.511047,0.683074,-0.341491,-0.0715031,0.757019,0.643026,-0.0912495,0.721741,-0.633399,-0.0601481,-0.27254,-0.00694914,-0.0326873,0.778535,-0.626711,0.224991,0.615442,0.705922,-0.268857,0.161777,-0.647198,0.727534,-0.160181,-0.0514623,0.718174,-0.00509685,-0.69394,0.0502292,0.779442,-0.0558229,-0.621958,0,0,0,0,-0.120309,0.662898,0.726849,-0.133347,-0.00010033,0.69334,0.0348854,0.719765,0.0136875,0.760553,0.0223094,0.648748,0,0,0,0,0.0223798,-0.00733374,0.999174,-0.0331239,0,0,0,0,0,0,0,0,0,0,0,0,0,0,0,0,
0.018544,-0.00736113,0.999683,-0.0153838,0.0207944,-0.00739574,0.999638,-0.0153672,0.0233643,-0.00671847,0.998352,-0.0519889,0,0,0,0,-0.103403,0.758539,-0.631311,0.123992,0.729044,-0.632606,0.124959,0.229542,0.450809,-0.460264,0.610472,-0.460708,0.397543,-0.512071,0.676231,-0.349935,-0.0703084,0.754635,0.645999,-0.0909328,0.720677,-0.636848,-0.0808842,-0.261737,-0.185856,0.125139,0.748508,-0.624126,-0.138728,0.618961,0.768477,-0.08417,0.161509,-0.647259,0.727589,-0.159952,-0.0523699,0.71773,-0.00442493,-0.694335,0.032539,0.725434,-0.0428805,-0.686184,0,0,0,0,-0.120579,0.662782,0.726836,-0.133757,0.000105775,0.6937,0.035268,0.7194,-0.0147406,0.689628,0.0278576,0.723477,0,0,0,0,0.0232269,-0.00730441,0.999159,-0.0330059,0,0,0,0,0,0,0,0,0,0,0,0,0,0,0,0,
0.0185078,-0.00717608,0.999697,-0.014578,0.0196603,-0.00719288,0.999675,-0.0145697,0.0211297,-0.00591313,0.998382,-0.0524511,0,0,0,0,-0.0993951,0.762944,-0.627584,0.119059,0.729876,-0.633251,0.143297,0.213869,0.431709,-0.475929,0.620054,-0.450168,0.41538,-0.478785,0.672049,-0.38285,-0.0689666,0.75168,0.64963,-0.0905639,0.719275,-0.635295,-0.0857892,-0.267738,-0.155426,0.0938166,0.756785,-0.627947,-0.130704,0.634066,0.759909,-0.0584395,0.16189,-0.647459,0.727436,-0.159454,-0.0512711,0.717808,-0.0043378,-0.694337,0.036407,0.723731,-0.0478789,-0.687456,0,0,0,0,-0.121139,0.662931,0.726711,-0.133191,0.000782796,0.693715,0.0363501,0.719331,-0.0138819,0.690911,0.0287042,0.722237,0,0,0,0,0.0209656,-0.00695793,0.999237,-0.0321978,0,0,0,0,0,0,0,0,0,0,0,0,0,0,0,0,
0.0199038,-0.00710744,0.999676,-0.0142189,0.0216937,-0.00713288,0.999638,-0.0142061,0.0238181,-0.00570563,0.998307,-0.0527563,0,0,0,0,-0.102209,0.756631,-0.634048,0.122662,0.729838,-0.631568,0.129573,0.227306,0.44377,-0.470551,0.614671,-0.451475,0.397267,-0.509541,0.678621,-0.349313,-0.0682538,0.750249,0.651497,-0.0895512,0.720557,-0.633947,-0.0793865,-0.269456,-0.0223564,-0.0115429,0.773924,-0.632778,0.221435,0.560602,0.726961,-0.328968,0.162947,-0.647061,0.727457,-0.159897,-0.0504301,0.718848,-0.00414338,-0.693323,-0.060815,-0.682251,0.0530815,0.726648,0,0,0,0,-0.12045,0.663454,0.726534,-0.132174,0.000320512,0.692712,0.0365291,0.720288,0.0338538,0.670545,0.0337356,0.740328,0,0,0,0,0.0236527,-0.00682572,0.99919,-0.031834,0,0,0,0,0,0,0,0,0,0,0,0,0,0,0,0,
0.0225199,-0.00880829,0.999652,-0.0105174,0.0252495,-0.00883698,0.999587,-0.0104933,0.0282958,-0.00985786,0.998723,-0.0406838,0,0,0,0,-0.126837,0.763726,-0.619914,0.127834,0.723312,-0.640362,0.151933,0.208979,0.442437,-0.486496,0.604511,-0.449596,0.429443,-0.472788,0.68591,-0.34868,-0.0865167,0.758851,0.639472,-0.0879489,0.721348,-0.633923,-0.0764169,-0.26825,-0.138055,0.0852013,0.762037,-0.626882,-0.122236,0.648505,0.750219,-0.040885,0.167844,-0.647081,0.726554,-0.158853,-0.0494729,0.720681,-0.00503688,-0.691481,0.0416233,0.727404,-0.0429894,-0.683596,0,0,0,0,-0.121177,0.664337,0.726154,-0.129123,0.000380499,0.690755,0.0367302,0.722155,0.0330905,0.68852,0.0307308,0.72381,0,0,0,0,0.0281487,-0.010012,0.999274,-0.0236475,0,0,0,0,0,0,0,0,0,0,0,0,0,0,0,0,
0.0223203,-0.0092397,0.999657,-0.0101158,0.0266118,-0.00928304,0.999552,-0.010076,0.0313118,-0.00963763,0.998437,-0.0452711,0,0,0,0,-0.111278,0.765666,-0.621852,0.121132,0.728896,-0.637883,0.141433,0.204479,0.445581,-0.468445,0.607819,-0.461057,0.397536,-0.503197,0.691974,-0.331555,-0.0672082,0.757899,0.64434,-0.0768002,0.719293,-0.63215,-0.0370565,-0.285711,-0.147516,0.0893346,0.767662,-0.617214,-0.121238,0.652296,0.745914,-0.0585045,0.168136,-0.648053,0.725646,-0.158734,-0.0488793,0.720578,-0.00569489,-0.691625,0.0398259,0.775036,-0.0575833,-0.628026,0,0,0,0,-0.121805,0.663333,0.726968,-0.12911,0.0008681,0.690872,0.0376531,0.721996,0.0326512,0.672152,0.0285368,0.739142,0,0,0,0,0.0311291,-0.0101091,0.999144,-0.0252872,0,0,0,0,0,0,0,0,0,0,0,0,0,0,0,0,
0.0210139,-0.00920838,0.99968,-0.0106563,0.0258969,-0.00926032,0.999565,-0.0106112,0.0312365,-0.00851515,0.998311,-0.0482282,0,0,0,0,-0.102194,0.761939,-0.628497,0.118309,0.73719,-0.63756,0.110452,0.194596,0.381002,-0.362902,0.658337,-0.538269,0.259343,-0.589641,0.730101,-0.228072,-0.0584429,0.754892,0.649046,-0.0739107,0.717938,-0.63154,-0.0345908,-0.290732,-0.122586,0.0718994,0.772618,-0.618761,-0.0991016,0.657534,0.744869,-0.0547599,0.166865,-0.648627,0.725489,-0.158445,-0.0486667,0.719688,-0.00579711,-0.692565,0.0382357,0.792036,-0.0598996,-0.606324,0,0,0,0,-0.122314,0.662602,0.727378,-0.130076,-0.000501897,0.691831,0.0376352,0.721077,0.0292218,0.659915,0.0285726,0.750228,0,0,0,0,0.0310286,-0.0095578,0.999106,-0.0270684,0,0,0,0,0,0,0,0,0,0,0,0,0,0,0,0,
0.0202672,-0.00896969,0.999694,-0.0110189,0.0259438,-0.00903212,0.999562,-0.0109678,0.0321021,-0.00760962,0.998248,-0.0491261,0,0,0,0,-0.0990848,0.765844,-0.624513,0.116827,0.733624,-0.638023,0.144543,0.183926,0.429054,-0.443557,0.621098,-0.483121,0.350659,-0.527541,0.706702,-0.315136,-0.0539003,0.753165,0.651657,-0.0719728,0.719422,-0.631572,-0.0303595,-0.287449,-0.122163,0.0727869,0.772716,-0.618619,-0.105698,0.662236,0.740543,-0.0432182,0.165948,-0.648737,0.725652,-0.15821,-0.0485408,0.719189,-0.00575965,-0.693093,0.0150918,0.728263,-0.053595,-0.683032,0,0,0,0,-0.122445,0.662471,0.727396,-0.130519,-0.000674154,0.692382,0.0374926,0.720556,-0.0108539,0.683721,0.0310552,0.729002,0,0,0,0,0.0318957,-0.00890604,0.999062,-0.0279147,0,0,0,0,0,0,0,0,0,0,0,0,0,0,0,0,
0.0210677,-0.00891364,0.999675,-0.0112491,0.0263153,-0.00897257,0.999551,-0.0112021,0.0320347,-0.00724395,0.998233,-0.0495209,0,0,0,0,-0.0951462,0.767525,-0.623502,0.114444,0.732404,-0.639345,0.161325,0.169696,0.45859,-0.47538,0.596338,-0.456169,0.407628,-0.514252,0.682502,-0.321831,-0.0499449,0.75128,0.654342,-0.0701393,0.72033,-0.633211,-0.0400943,-0.280287,-0.11495,0.0691144,0.770929,-0.622638,-0.0952312,0.668073,0.736473,-0.0470825,0.166079,-0.649052,0.725214,-0.15879,-0.0489337,0.719714,-0.00576339,-0.69252,0.0437864,0.790162,-0.0553745,-0.608819,0,0,0,0,-0.121787,0.66224,0.727796,-0.130079,-0.00168764,0.691815,0.0374173,0.721103,0.0191593,0.699414,0.0313797,0.713771,0,0,0,0,0.0318282,-0.00864004,0.999056,-0.0282894,0,0,0,0,0,0,0,0,0,0,0,0,0,0,0,0,
0.0206676,-0.00888703,0.999676,-0.0119221,0.0297664,-0.00899519,0.999446,-0.0118407,0.0394159,-0.00734054,0.997901,-0.0508433,0,0,0,0,-0.102435,0.759329,-0.630517,0.123997,0.725085,-0.632929,0.171266,0.210525,0.457867,-0.475421,0.598525,-0.453983,0.447507,-0.471837,0.657426,-0.380656,-0.0471844,0.750423,0.655745,-0.0681008,0.716746,-0.631667,-0.0269646,-0.294185,-0.0937007,0.0469909,0.777738,-0.619786,-0.0755016,0.673289,0.733749,-0.0509202,0.165439,-0.648927,0.725424,-0.159012,-0.0491859,0.719413,-0.00572072,-0.692815,0.0393567,0.745171,-0.0609146,-0.662918,0,0,0,0,-0.121615,0.662181,0.727753,-0.13077,-0.00352669,0.692124,0.0365442,0.720844,0.040189,0.629177,0.0336063,0.775495,0,0,0,0,0.0392182,-0.008689,0.998761,-0.0293678,0,0,0,0,0,0,0,0,0,0,0,0,0,0,0,0,
0.0209687,-0.0086775,0.999666,-0.0123314,0.0287724,-0.00877351,0.999472,-0.0122633,0.0371173,-0.00664075,0.997963,-0.051451,0,0,0,0,-0.107304,0.753527,-0.635809,0.128181,0.72654,-0.633858,0.152218,0.21724,0.442196,-0.476868,0.611076,-0.451271,0.435864,-0.470041,0.659636,-0.392384,-0.0549316,0.748311,0.656731,-0.0756115,0.716325,-0.631473,-0.0273304,-0.29559,-0.124506,0.068598,0.77408,-0.616922,-0.0740687,0.675536,0.727089,-0.0974981,0.165209,-0.648687,0.725615,-0.159352,-0.0518154,0.719416,-0.00539635,-0.692623,0.0355687,0.756831,-0.0583271,-0.65003,0,0,0,0,-0.121076,0.662348,0.727698,-0.130732,-0.00634147,0.69193,0.0350002,0.721088,-0.000117142,0.680999,0.0376326,0.731317,0,0,0,0,0.0369173,-0.00818271,0.998836,-0.0299345,0,0,0,0,0,0,0,0,0,0,0,0,0,0,0,0,
0.0226995,-0.00840636,0.999616,-0.0134758,0.029397,-0.00849647,0.999442,-0.0134192,0.0366095,-0.00642312,0.997951,-0.0520784,0,0,0,0,-0.106605,0.763844,-0.623916,0.126123,0.730016,-0.634525,0.174874,0.184045,0.438285,-0.480571,0.612811,-0.448799,0.440521,-0.467756,0.648258,-0.408543,-0.0556632,0.758486,0.645123,-0.0735993,0.70043,-0.59708,0.0573366,-0.386789,-0.207479,0.234717,0.764205,-0.563782,-0.103312,0.621706,0.772534,-0.0774625,0.164873,-0.648638,0.725446,-0.160664,-0.0544965,0.720399,-0.00558797,-0.691393,0.0431865,0.752216,-0.0595636,-0.654796,0,0,0,0,-0.118837,0.662459,0.728105,-0.129957,-0.00794663,0.690695,0.0341613,0.722295,0.00353673,0.879625,0.0421728,0.473782,0,0,0,0,0.0364147,-0.00795296,0.998836,-0.030629,0,0,0,0,0,0,0,0,0,0,0,0,0,0,0,0,
0.0259984,-0.00807587,0.99952,-0.0147991,0.0303893,-0.00814081,0.999396,-0.0147635,0.0352354,-0.00615726,0.997896,-0.0540713,0,0,0,0,-0.104955,0.764878,-0.622979,0.125868,0.730637,-0.636147,0.171656,0.178945,0.445355,-0.490952,0.607026,-0.438343,0.460356,-0.46667,0.632287,-0.412923,-0.0567703,0.766504,0.635459,-0.0737638,0.705926,-0.620823,0.00532899,-0.34091,-0.0255201,0.0150213,0.79244,-0.60923,-0.0485036,0.67738,0.733755,0.0202008,0.165512,-0.647809,0.725546,-0.162887,-0.0588275,0.722288,-0.00400748,-0.689074,0.0418403,0.733442,-0.0513321,-0.676519,0,0,0,0,-0.115454,0.663426,0.728019,-0.128547,-0.0143221,0.688298,0.0302522,0.724656,0.053235,0.704557,0.0471285,0.706076,0,0,0,0,0.0350363,-0.00774751,0.99884,-0.0321024,0,0,0,0,0,0,0,0,0,0,0,0,0,0,0,0,
0.0262246,-0.00574501,0.999486,-0.017534,0.0292107,-0.00579737,0.999403,-0.0175167,0.0325424,-0.0046807,0.997851,-0.0566839,0,0,0,0,-0.105966,0.76883,-0.617885,0.126058,0.735183,-0.636118,0.152798,0.17752,0.403442,-0.470502,0.638079,-0.456856,0.43295,-0.431755,0.656024,-0.442464,-0.0628945,0.782109,0.615394,-0.0750985,0.720592,-0.618853,-0.0225036,-0.311869,-0.0366146,0.0204904,0.790861,-0.610556,-0.0536686,0.689819,0.721934,0.00900955,0.163302,-0.645993,0.727202,-0.164933,-0.0630849,0.722138,0.00105688,-0.688866,0.0387664,0.734071,-0.0395486,-0.676811,0,0,0,0,-0.113709,0.664021,0.727583,-0.129497,-0.0227214,0.687998,0.0275311,0.724834,0.0502004,0.702563,0.0431507,0.708536,0,0,0,0,0.0323454,-0.00654431,0.998886,-0.0337379,0,0,0,0,0,0,0,0,0,0,0,0,0,0,0,0,
0.0257044,-0.00440457,0.999448,-0.0205797,0.0325244,-0.00454491,0.999249,-0.0205491,0.0397937,-0.00388916,0.997459,-0.058962,0,0,0,0,-0.121761,0.785973,-0.590832,0.13542,0.749607,-0.620563,0.0741575,0.217926,0.442049,-0.502759,0.624295,-0.402594,0.486814,-0.457838,0.609905,-0.425926,-0.0685284,0.790182,0.604401,-0.0749375,0.728388,-0.615744,-0.0217856,-0.299725,-0.0594051,0.029368,0.792909,-0.605725,-0.0529927,0.704793,0.706892,-0.0275969,0.159171,-0.648551,0.725443,-0.16667,-0.0754949,0.720531,0.00756829,-0.689259,0.052348,0.737735,-0.0540212,-0.670887,0,0,0,0,-0.112007,0.660981,0.730463,-0.130315,-0.0311889,0.688108,0.0234274,0.724559,0.0569768,0.719374,0.0435962,0.690908,0,0,0,0,0.039641,-0.00556286,0.998552,-0.0359458,0,0,0,0,0,0,0,0,0,0,0,0,0,0,0,0,
0.0233052,-0.00263281,0.999429,-0.0243218,0.0321583,-0.00284818,0.999183,-0.0242975,0.0414684,-0.00252401,0.997249,-0.0613882,0,0,0,0,-0.122053,0.790135,-0.584514,0.138326,0.743699,-0.632658,0.154445,0.151006,0.421952,-0.495752,0.632639,-0.419468,0.467025,-0.451531,0.616968,-0.44425,-0.0663349,0.790501,0.604081,-0.0761222,0.731178,-0.60672,-0.00191951,-0.311875,-0.203354,0.202884,0.765285,-0.576042,-0.108801,0.683059,0.716893,-0.0875029,0.153736,-0.649079,0.72595,-0.167509,-0.0820451,0.718233,0.0144463,-0.690798,0.0590823,0.716605,-0.057297,-0.692606,0,0,0,0,-0.110742,0.659368,0.731682,-0.132706,-0.0433935,0.689211,0.020569,0.722967,0.061416,0.708686,0.0418519,0.701599,0,0,0,0,0.0413763,-0.00384446,0.998372,-0.0390607,0,0,0,0,0,0,0,0,0,0,0,0,0,0,0,0,
0.019608,-0.00120487,0.999399,-0.0285602,0.0281514,-0.001449,0.999195,-0.0285488,0.0371357,-0.000933449,0.997157,-0.0655561,0,0,0,0,-0.119686,0.795565,-0.577816,0.137406,0.738425,-0.636111,0.179522,0.133657,0.441066,-0.500872,0.615287,-0.419535,0.473324,-0.466373,0.61168,-0.429311,-0.0701327,0.796611,0.594876,-0.0813342,0.719807,-0.533656,0.135329,-0.422818,-0.400987,0.489297,0.668381,-0.391236,0.578404,-0.347198,-0.592358,0.44047,0.147969,-0.648376,0.727659,-0.168007,-0.0937339,0.714317,0.0199783,-0.693228,0.0653897,0.737046,-0.050992,-0.670736,0,0,0,0,-0.110091,0.658761,0.731574,-0.136795,-0.0644542,0.690264,0.014414,0.720537,0.0697204,0.682132,0.04753,0.726344,0,0,0,0,0.0370586,-0.00238605,0.99839,-0.0428816,0,0,0,0,0,0,0,0,0,0,0,0,0,0,0,0,
0.0190164,-0.00231745,0.999202,-0.035042,0.0249795,-0.00252654,0.999071,-0.0350275,0.0314224,-0.00097166,0.997021,-0.0704338,0,0,0,0,-0.126866,0.811854,-0.553012,0.137754,0.722853,-0.63079,0.276706,0.0549668,0.416212,-0.486725,0.629218,-0.440399,0.451163,-0.451742,0.618908,-0.45753,-0.0855506,0.814805,0.566402,-0.0892348,0.748792,-0.563631,0.0457993,-0.345735,-0.420764,0.502144,0.655396,-0.375854,0.561555,-0.389362,-0.571504,0.454353,0.142347,-0.648123,0.72845,-0.170395,-0.11082,0.711116,0.0299207,-0.693641,0.0720098,0.732049,-0.0539477,-0.675284,0,0,0,0,-0.104688,0.657303,0.73301,-0.140319,-0.0802419,0.689239,0.00873991,0.720024,0.0321207,0.687044,0.0351497,0.725054,0,0,0,0,0.0313339,-0.00241181,0.998315,-0.0487771,0,0,0,0,0,0,0,0,0,0,0,0,0,0,0,0,
0.0195131,-0.00289844,0.998908,-0.0423408,0.028058,-0.00326056,0.998705,-0.0423145,0.0371838,-0.00202028,0.995861,-0.0829124,0,0,0,0,-0.119183,0.802997,-0.564333,0.150066,0.724817,-0.636233,0.25969,0.0490843,0.421585,-0.497653,0.628047,-0.424458,0.46329,-0.455913,0.616958,-0.443699,-0.0690285,0.799368,0.589178,-0.0954731,0.735992,-0.626469,-0.130953,-0.220688,-0.219016,0.230291,0.734408,-0.599703,-0.137635,0.57412,0.8065,-0.0316442,0.13835,-0.643386,0.732536,-0.174082,-0.126153,0.706163,0.0406837,-0.695531,0.0790128,0.73375,-0.0591135,-0.672216,0,0,0,0,-0.0982192,0.659442,0.731128,-0.144709,-0.0982395,0.686792,0.00198323,0.720182,0.086326,0.649714,0.0474081,0.753772,0,0,0,0,0.0370897,-0.00333583,0.997547,-0.0592766,0,0,0,0,0,0,0,0,0,0,0,0,0,0,0,0,
0.019074,7.7708e-006,0.998593,-0.0494852,0.029251,-0.000496599,0.998346,-0.0494827,0.0400806,0.00308998,0.994796,-0.0936186,0,0,0,0,-0.11518,0.793249,-0.575428,0.162396,-0.693467,0.626324,-0.354735,0.0313891,0.427903,-0.509504,0.617454,-0.41959,0.478289,-0.460096,0.604326,-0.440841,-0.0601836,0.784599,0.607814,-0.106511,0.722733,-0.609922,-0.150351,-0.288179,-0.315341,0.268169,0.710903,-0.568562,-0.201439,0.606978,0.745721,-0.186816,0.132695,-0.640482,0.735044,-0.178564,0.145985,-0.662849,-0.0604912,0.731888,-0.085085,-0.701261,0.0630489,0.704996,0,0,0,0,-0.0941222,0.659279,0.730988,-0.148829,-0.115262,0.684179,-0.00244483,0.720144,0.0920426,0.66415,0.0452092,0.740533,0,0,0,0,0.040005,0.000856815,0.996788,-0.0693764,0,0,0,0,0,0,0,0,0,0,0,0,0,0,0,0,
0.0193534,0.00040592,0.998381,-0.0534852,0.0319964,-0.000271503,0.998056,-0.053486,0.0454671,0.00257963,0.994552,-0.0937676,0,0,0,0,-0.124668,0.806256,-0.554064,0.165598,0.736795,-0.631611,0.22957,0.0741519,0.380624,-0.424649,0.652785,-0.498668,0.266761,-0.561374,0.744452,-0.243904,-0.0618146,0.785061,0.607221,-0.105547,0.705707,-0.597377,0.0221842,-0.380298,-0.0966116,0.109009,0.798369,-0.584285,0.148056,0.636245,0.677045,-0.338942,0.130138,-0.639866,0.735355,-0.181348,0.157444,-0.628514,-0.073658,0.758127,-0.0909915,-0.696596,0.0628954,0.708885,0,0,0,0,-0.0915233,0.657974,0.73203,-0.15108,-0.132068,0.655946,-0.0117223,0.743072,0.101633,0.685384,0.0436362,0.719733,0,0,0,0,0.0453438,-6.68893e-005,0.996486,-0.0704203,0,0,0,0,0,0,0,0,0,0,0,0,0,0,0,0,
0.0212691,0.00216621,0.997961,-0.0601429,0.027521,0.00178938,0.997808,-0.0601553,0.0342455,0.00465533,0.994629,-0.0975689,0,0,0,0,-0.122394,0.797634,-0.566844,0.165796,0.715903,-0.649153,0.250804,0.0563985,0.425746,-0.504618,0.608498,-0.440262,0.47731,-0.430424,0.656148,-0.395449,-0.0773468,0.815065,0.563554,-0.109971,0.728751,-0.594517,-0.073293,-0.331812,-0.278328,0.230253,0.751208,-0.552453,-0.172568,0.694401,0.683907,-0.142472,0.126419,-0.635806,0.738348,-0.18604,0.166203,-0.597036,-0.0906517,0.779556,-0.0960274,-0.699212,0.0631327,0.705618,0,0,0,0,-0.0852648,0.659328,0.73105,-0.153565,-0.15407,0.56016,-0.0359109,0.813138,0.115885,0.662806,0.0462697,0.738321,0,0,0,0,0.0341759,0.00247641,0.996504,-0.0761895,0,0,0,0,0,0,0,0,0,0,0,0,0,0,0,0,
0.0179148,0.00109016,0.997077,-0.0742646,0.0304229,0.000158336,0.996774,-0.0742724,0.0434286,0.00171923,0.991378,-0.123618,0,0,0,0,-0.0915012,0.740813,-0.635084,0.198724,0.730121,-0.633923,0.244333,0.0732527,0.393985,-0.470155,0.645978,-0.45436,0.429395,-0.425931,0.659439,-0.446478,-0.0287487,0.744103,0.65289,-0.138636,0.730312,-0.601434,-0.122047,-0.300043,-0.441896,0.475457,0.636543,-0.41651,-0.475541,0.419559,0.675163,-0.37681,0.115606,-0.630933,0.742734,-0.192108,0.182742,-0.562068,-0.112959,0.798702,-0.105671,-0.704262,0.0621684,0.699274,0,0,0,0,-0.0766986,0.658173,0.730696,-0.164343,-0.168151,0.492812,-0.058733,0.851711,0.120005,0.633434,0.0505383,0.762762,0,0,0,0,0.0433144,-0.000277792,0.993902,-0.101404,0,0,0,0,0,0,0,0,0,0,0,0,0,0,0,0,
0.0206083,0.00290583,0.996463,-0.081419,0.0319208,0.00198121,0.996164,-0.0814468,0.0436974,0.00277671,0.991364,-0.123612,0,0,0,0,-0.105414,0.778136,-0.587974,0.19411,0.724057,-0.623156,0.294655,0.0244196,0.455857,-0.508706,0.61129,-0.399672,0.490418,-0.474634,0.596803,-0.421945,-0.0433243,0.760729,0.632567,-0.13883,0.709731,-0.627386,-0.234683,-0.218156,-0.4025,0.390249,0.625166,-0.543017,-0.337077,0.41011,0.834911,-0.145303,0.111131,-0.629302,0.743336,-0.197688,0.196603,-0.53714,-0.132123,0.80955,0.127805,0.735438,-0.0432229,-0.664025,0,0,0,0,-0.0700387,0.656266,0.732646,-0.166253,-0.182038,0.459162,-0.0792452,0.865883,0.121181,0.682801,0.0407305,0.719333,0,0,0,0,0.0436348,0.000953167,0.993894,-0.101344,0,0,0,0,0,0,0,0,0,0,0,0,0,0,0,0,
0.0202354,0.00537873,0.995823,-0.0888732,0.0262332,0.00484331,0.995683,-0.0889039,0.0325711,0.00769867,0.990863,-0.130652,0,0,0,0,-0.102638,0.769916,-0.598518,0.196139,-0.58728,0.593531,-0.514358,0.195599,0.396874,-0.532539,0.603636,-0.441041,0.512783,-0.37555,0.68064,-0.364343,-0.0580558,0.790335,0.59261,-0.144269,-0.691298,0.600515,0.380747,0.128534,-0.437694,0.505301,0.582602,-0.462244,-0.499755,0.386449,0.69801,-0.337171,0.103964,-0.626063,0.746195,-0.201071,0.212711,-0.536808,-0.14616,0.803261,0.141594,0.730872,-0.0480738,-0.665933,0,0,0,0,-0.064033,0.656736,0.731999,-0.169633,-0.201031,0.470534,-0.0926122,0.85417,0.112322,0.911991,-0.00301501,0.394521,0,0,0,0,0.0325341,0.00560349,0.993563,-0.108367,0,0,0,0,0,0,0,0,0,0,0,0,0,0,0,0,
0.0212778,0.00297737,0.995439,-0.0929479,0.0282825,0.00232319,0.995265,-0.0929665,0.035884,0.00597468,0.990786,-0.130459,0,0,0,0,-0.110813,0.799089,-0.559237,0.19087,0.74044,-0.624219,0.217682,0.121299,0.475473,-0.495149,0.594095,-0.419291,0.505526,-0.449729,0.628479,-0.383668,-0.0616636,0.794359,0.587354,-0.142149,0.745256,-0.587372,-0.0913325,-0.30207,-0.475333,0.45393,0.633659,-0.408022,-0.439427,0.481754,0.692495,-0.308654,0.102005,-0.626947,0.745022,-0.203655,0.233021,-0.558296,-0.151088,0.781779,0.125204,0.794679,-0.051298,-0.591758,0,0,0,0,-0.0601263,0.653513,0.734747,-0.171618,-0.21486,0.477353,-0.105411,0.845493,0.119221,0.827695,0.0173845,0.548092,0,0,0,0,0.0359932,0.0051466,0.993326,-0.109456,0,0,0,0,0,0,0,0,0,0,0,0,0,0,0,0,
0.0211773,0.00276173,0.9943,-0.104458,0.0299736,0.00183741,0.994074,-0.104479,0.0391133,0.00309215,0.987666,-0.151577,0,0,0,0,-0.0944035,0.731108,-0.636614,0.226475,0.752346,-0.614111,0.212426,0.10825,0.441533,-0.445033,0.630836,-0.45721,0.357618,-0.541341,0.706982,-0.281489,-0.0361936,0.741058,0.64797,-0.172213,0.747887,-0.597738,-0.136107,-0.254654,-0.432356,0.50042,0.645023,-0.382876,-0.520772,0.376011,0.683649,-0.346461,0.0921816,-0.624638,0.746768,-0.208966,0.250962,-0.556167,-0.167138,0.774443,0.133319,0.808571,-0.0490457,-0.570993,0,0,0,0,-0.0499139,0.652297,0.735233,-0.17734,-0.233942,0.484064,-0.121843,0.834331,0.125622,0.893887,0.0016515,0.430328,0,0,0,0,0.0391374,0.00190062,0.991011,-0.127917,0,0,0,0,0,0,0,0,0,0,0,0,0,0,0,0,
0.0237119,0.0106625,0.986998,-0.158618,0.0363133,0.0086362,0.986614,-0.158741,0.0492212,0.00314309,0.985657,-0.161394,0,0,0,0,-0.122849,0.763287,-0.583577,0.248475,-0.601024,0.584208,-0.519593,0.165811,0.390366,-0.527265,0.603005,-0.453862,0.522431,-0.346917,0.690721,-0.360027,-0.0496416,0.75856,0.622204,-0.187042,0.75587,-0.529154,0.0436263,-0.383084,-0.447222,0.454416,0.681081,-0.360039,-0.476141,0.430869,0.643859,-0.416038,0.060664,-0.608324,0.751144,-0.249088,0.298479,-0.553414,-0.238327,0.740165,-0.179819,-0.685851,0.0902879,0.699373,0,0,0,0,-0.0183204,0.638774,0.739209,-0.212608,-0.299712,0.489703,-0.182598,0.798137,0.132173,0.882244,0.00132442,0.451857,0,0,0,0,0.0494249,0.00365489,0.987309,-0.15088,0,0,0,0,0,0,0,0,0,0,0,0,0,0,0,0,
0.0131158,0.0123172,0.986824,-0.160793,0.0250953,0.0103641,0.986592,-0.16093,0.0377367,0.00844932,0.983163,-0.17859,0,0,0,0,-0.122738,0.750319,-0.59595,0.258459,-0.70398,0.619,-0.346718,0.032205,0.443256,-0.502658,0.613419,-0.417823,0.488879,-0.434043,0.656398,-0.376492,-0.0649794,0.796805,0.569626,-0.190804,0.764487,-0.501102,0.0860397,-0.3963,-0.470579,0.441259,0.686648,-0.335202,-0.47383,0.456225,0.619989,-0.427735,0.0498898,-0.609836,0.752403,-0.24393,0.38227,-0.50907,-0.310618,0.705857,0.208526,0.719823,-0.0746941,-0.65787,0,0,0,0,-0.0231598,0.636694,0.739137,-0.218543,-0.390569,0.464327,-0.236925,0.758764,0.110344,0.689935,0.0392687,0.714333,0,0,0,0,0.0379731,0.00878138,0.985204,-0.166897,0,0,0,0,0,0,0,0,0,0,0,0,0,0,0,0,
0.0194813,0.0128799,0.985202,-0.1698,0.0327544,0.0105908,0.98485,-0.169958,0.0465576,0.0108647,0.975771,-0.213508,0,0,0,0,-0.0866522,0.765428,-0.580013,0.264947,-0.681988,0.588602,-0.42068,0.107088,0.435483,-0.48308,0.625287,-0.431283,0.444053,-0.456223,0.671357,-0.379416,-0.0201377,0.763266,0.611614,-0.207239,0.758347,-0.498278,0.104852,-0.406982,-0.472236,0.444793,0.684095,-0.333417,-0.472148,0.465688,0.601807,-0.445016,0.0467893,-0.610001,0.749405,-0.253184,0.393271,-0.511612,-0.321489,0.692991,0.200348,0.725921,-0.0767213,-0.653462,0,0,0,0,-0.013929,0.631403,0.743271,-0.220645,-0.407143,0.462279,-0.247689,0.747785,0.110431,0.681417,0.0431551,0.722228,0,0,0,0,0.046735,0.00925544,0.980987,-0.188134,0,0,0,0,0,0,0,0,0,0,0,0,0,0,0,0,
0.0184076,0.0120681,0.98462,-0.17332,0.029963,0.010033,0.984336,-0.173449,0.0424636,0.011981,0.976446,-0.211205,0,0,0,0,-0.0942733,0.77207,-0.571535,0.261474,0.738358,-0.633068,0.214216,0.0903559,0.441305,-0.491565,0.617954,-0.426318,0.514849,-0.380133,0.678258,-0.361103,-0.0329909,0.796429,0.57106,-0.196222,0.762182,-0.554053,0.00306856,-0.334805,-0.399573,0.467267,0.687752,-0.386005,-0.535789,0.233155,0.760027,-0.284477,0.0441443,-0.605013,0.753467,-0.253571,0.405154,-0.510634,-0.333202,0.681234,0.122345,0.728566,-0.0424412,-0.672624,0,0,0,0,-0.00950485,0.634605,0.739985,-0.222727,-0.423729,0.458331,-0.262424,0.735881,0.115294,0.685489,0.043264,0.717594,0,0,0,0,0.0424251,0.00967303,0.981008,-0.189021,0,0,0,0,0,0,0,0,0,0,0,0,0,0,0,0,
0.0173358,0.0140716,0.98391,-0.177262,0.0293741,0.0119014,0.983624,-0.177421,0.042342,0.013579,0.976055,-0.212931,0,0,0,0,-0.0953238,0.764548,-0.578122,0.268616,0.748824,-0.613121,0.245291,0.0563794,0.448935,-0.466559,0.628299,-0.4313,0.467422,-0.426615,0.677372,-0.375077,-0.0339103,0.784242,0.583784,-0.20739,0.773075,-0.568432,-0.0767877,-0.270822,-0.18417,0.27219,0.78375,-0.527,-0.0834022,0.361331,0.926107,0.0693563,0.0388078,-0.601065,0.756773,-0.253989,0.412334,-0.517004,-0.347081,0.664998,0.125021,0.724866,-0.0523684,-0.675423,0,0,0,0,-0.00494345,0.637537,0.737085,-0.224117,-0.443146,0.448497,-0.275929,0.72549,0.119485,0.688433,0.0410663,0.714211,0,0,0,0,0.0423493,0.0116043,0.980113,-0.193523,0,0,0,0,0,0,0,0,0,0,0,0,0,0,0,0,
0.0230177,0.0103982,0.982448,-0.184818,0.0421719,0.00679208,0.981813,-0.184985,0.0623012,0.0037543,0.97245,-0.224601,0,0,0,0,-0.123983,0.761069,-0.56528,0.293021,-0.691472,0.571153,-0.432696,0.0917823,0.450778,-0.481865,0.625992,-0.415619,0.479646,-0.439175,0.650435,-0.392426,-0.0282968,0.76541,0.606275,-0.213956,0.753269,-0.568439,-0.258978,-0.205895,-0.453691,0.470156,0.64907,-0.389648,-0.464871,0.440715,0.684288,-0.348447,0.0381755,-0.605703,0.750089,-0.262741,0.430593,-0.507453,-0.357042,0.65544,0.126497,0.737986,-0.0516218,-0.66084,0,0,0,0,0.00144905,0.627355,0.744849,-0.22721,-0.444659,0.455034,-0.287997,0.715738,0.125578,0.67266,0.0478001,0.72765,0,0,0,0,0.0626072,0.00330652,0.977138,-0.20315,0,0,0,0,0,0,0,0,0,0,0,0,0,0,0,0,
0.0312223,0.0124593,0.98165,-0.187707,0.0436548,0.0100805,0.981175,-0.18785,0.0566183,0.00866758,0.972947,-0.223817,0,0,0,0,-0.127225,0.76506,-0.561065,0.289313,-0.689568,0.561759,-0.445387,0.102728,0.466396,-0.48579,0.623178,-0.397658,0.491936,-0.455135,0.624115,-0.40166,-0.0411439,0.770687,0.597285,-0.218174,0.764515,-0.505726,0.0376742,-0.397918,-0.484226,0.430843,0.684505,-0.333695,-0.452642,0.488971,0.649466,-0.366356,0.0399494,-0.603545,0.749723,-0.268425,0.440046,-0.507518,-0.368084,0.642883,0.128709,0.737336,-0.0580026,-0.660609,0,0,0,0,0.00873386,0.626152,0.746842,-0.223795,-0.460655,0.444929,-0.306918,0.704015,0.141091,0.671665,0.0472259,0.725762,0,0,0,0,0.0569318,0.00813776,0.977234,-0.20422,0,0,0,0,0,0,0,0,0,0,0,0,0,0,0,0,
0.0212131,0.00963139,0.980988,-0.192667,0.0376716,0.00639697,0.980494,-0.192801,0.0541891,-8.62768e-005,0.971301,-0.231597,0,0,0,0,0.0603713,-0.610519,0.684693,-0.393468,0.767501,-0.599134,0.219136,0.0629313,0.469544,-0.470139,0.635069,-0.393936,0.476491,-0.464436,0.62482,-0.408478,-0.0249941,0.705025,0.663538,-0.249062,0.777542,-0.530975,-0.0505474,-0.333077,-0.427084,0.423993,0.704864,-0.375495,-0.422412,0.436313,0.689583,-0.394556,0.0346694,-0.591376,0.760758,-0.265178,0.438994,-0.502923,-0.376303,0.642455,0.13347,0.731139,-0.0540911,-0.666855,0,0,0,0,0.0112313,0.637651,0.73443,-0.232139,-0.472586,0.441393,-0.315816,0.69433,0.14502,0.677328,0.04882,0.719592,0,0,0,0,0.054616,0.00047538,0.976043,-0.210609,0,0,0,0,0,0,0,0,0,0,0,0,0,0,0,0,
0.018097,0.00989517,0.981317,-0.191291,0.0383011,0.00595385,0.980736,-0.191455,0.0589545,-0.000164383,0.969728,-0.236963,0,0,0,0,-0.132188,0.68338,-0.640213,0.325031,0.710182,-0.604776,0.356357,-0.0538243,0.458367,-0.488551,0.607052,-0.42744,0.493422,-0.414835,0.684648,-0.340151,-0.0257387,0.730505,0.639357,-0.238585,0.77629,-0.53688,-0.0632167,-0.32425,-0.460012,0.442714,0.680273,-0.360031,-0.4523,0.457545,0.669174,-0.371864,0.0313725,-0.591989,0.761801,-0.261199,0.444846,-0.504841,-0.383367,0.632675,0.134426,0.731277,-0.0604647,-0.665964,0,0,0,0,0.00957633,0.636873,0.73527,-0.231688,-0.482058,0.44774,-0.318212,0.682562,0.126923,0.678129,0.0535587,0.721916,0,0,0,0,0.0593584,-0.000134411,0.97556,-0.211563,0,0,0,0,0,0,0,0,0,0,0,0,0,0,0,0,
0.0191811,-0.00338979,0.981505,-0.190442,0.0458404,-0.00856264,0.980622,-0.19028,0.0743692,-0.0170622,0.971351,-0.225069,0,0,0,0,0.0890329,-0.55989,0.699492,-0.435095,0.743758,-0.618865,0.250329,0.0341308,0.704331,-0.627425,0.252065,-0.216144,0.211329,-0.434062,0.875445,-0.0229396,0.0149458,0.666463,0.685643,-0.292399,0.763658,-0.506696,0.0479782,-0.397221,-0.486927,0.441542,0.678054,-0.328916,-0.460677,0.489286,0.652043,-0.351021,0.0375789,-0.593085,0.761205,-0.259623,0.444689,-0.507453,-0.389379,0.626999,0.140449,0.730071,-0.0663423,-0.665484,0,0,0,0,0.014288,0.63506,0.736832,-0.231459,-0.490153,0.444678,-0.326036,0.675065,0.135098,0.678614,0.056795,0.719726,0,0,0,0,0.0749047,-0.0149682,0.975767,-0.205046,0,0,0,0,0,0,0,0,0,0,0,0,0,0,0,0,
0.0152851,0.00256024,0.980462,-0.196099,0.0370059,-0.00178545,0.979882,-0.196107,0.0635685,0.0118616,0.965564,-0.252001,0,0,0,0,-0.112977,0.679224,-0.64456,0.332315,-0.605532,0.57467,-0.512325,0.201517,0.421447,-0.512014,0.617034,-0.423667,0.540945,-0.352653,0.674652,-0.357575,-0.00477334,0.712395,0.655886,-0.249568,0.76276,-0.560009,-0.207256,-0.248259,-0.452628,0.466445,0.661852,-0.373508,-0.455723,0.456601,0.675584,-0.356957,0.0267135,-0.594033,0.760477,-0.260935,0.451647,-0.502372,-0.398244,0.620515,0.140673,0.728463,-0.0656224,-0.667268,0,0,0,0,0.0139984,0.631442,0.73853,-0.235921,-0.496885,0.448029,-0.331963,0.664963,0.12018,0.67973,0.0567287,0.721322,0,0,0,0,0.0620961,0.00329367,0.972687,-0.223636,0,0,0,0,0,0,0,0,0,0,0,0,0,0,0,0,
0.0177549,0.00664187,0.980056,-0.197813,0.03633,0.00289087,0.979544,-0.197903,0.0584071,0.0112731,0.966761,-0.248665,0,0,0,0,-0.128237,0.729644,-0.593181,0.315138,0.763467,-0.598323,0.232769,0.0703284,0.474107,-0.460877,0.624475,-0.415748,0.490847,-0.427682,0.661566,-0.372139,-0.0331853,0.757914,0.607444,-0.235537,0.770418,-0.504081,0.0260561,-0.389461,-0.475251,0.438429,0.687964,-0.329579,-0.467102,0.459879,0.663662,-0.36039,0.0263149,-0.589904,0.762836,-0.263444,0.46235,-0.496937,-0.411715,0.608092,0.137654,0.72515,-0.0662146,-0.671435,0,0,0,0,0.0162831,0.633138,0.737314,-0.235028,-0.505048,0.443763,-0.34551,0.654693,0.129221,0.682593,0.0576261,0.716971,0,0,0,0,0.0571101,0.00343867,0.973635,-0.220822,0,0,0,0,0,0,0,0,0,0,0,0,0,0,0,0,
0.0176954,0.0139959,0.978069,-0.207056,0.0297669,0.0114391,0.977776,-0.207213,0.0443855,0.0210989,0.966033,-0.253704,0,0,0,0,-0.0802791,0.676586,-0.656161,0.324406,0.781889,-0.592001,0.0682132,0.183117,0.475978,-0.457473,0.636684,-0.398493,0.487793,-0.439104,0.647123,-0.387915,-0.00652799,0.724706,0.638683,-0.25854,0.770612,-0.514516,0.00386566,-0.376053,-0.505961,0.463501,0.657492,-0.311248,-0.502805,0.474542,0.641877,-0.331648,0.0182007,-0.581998,0.767006,-0.269535,0.459007,-0.499961,-0.413431,0.606981,0.146599,0.72174,-0.0735613,-0.67245,0,0,0,0,0.0224707,0.636399,0.732793,-0.239802,-0.512843,0.44031,-0.350669,0.64819,0.130804,0.683958,0.0588311,0.715283,0,0,0,0,0.0437719,0.0159934,0.971853,-0.230932,0,0,0,0,0,0,0,0,0,0,0,0,0,0,0,0,
0.0256248,0.0166433,0.976021,-0.215519,0.0394265,0.0135934,0.975561,-0.215733,0.0547375,0.017632,0.964924,-0.256153,0,0,0,0,-0.0769355,0.724113,-0.607563,0.317189,0.773604,-0.58673,0.227495,0.07437,0.475663,-0.454176,0.636842,-0.402369,0.47757,-0.450512,0.641247,-0.3972,0.00570173,0.738005,0.627176,-0.248932,0.7621,-0.571971,-0.141736,-0.268261,-0.359737,0.298831,0.721719,-0.510305,-0.272386,0.513445,0.810121,-0.0767092,0.0135788,-0.58528,0.761294,-0.278737,0.469584,-0.497971,-0.421123,0.595123,0.141967,0.730573,-0.0751479,-0.663672,0,0,0,0,0.0320653,0.629855,0.737945,-0.240192,-0.51611,0.43854,-0.359471,0.641945,0.135035,0.673719,0.0615197,0.723936,0,0,0,0,0.0546088,0.0146535,0.970167,-0.235753,0,0,0,0,0,0,0,0,0,0,0,0,0,0,0,0,
0.0212172,0.0172708,0.976149,-0.215369,0.035217,0.0141798,0.975745,-0.215595,0.0504332,0.016712,0.965665,-0.254301,0,0,0,0,-0.0757535,0.707713,-0.625543,0.31953,0.790409,-0.583987,0.0347073,0.181681,0.463547,-0.461121,0.649633,-0.387904,0.478005,-0.446409,0.63819,-0.406132,0.004176,0.74373,0.621158,-0.247004,0.773342,-0.527069,-0.0115086,-0.352147,-0.473839,0.458198,0.671947,-0.337667,-0.480255,0.441606,0.687333,-0.319239,0.0145796,-0.576143,0.768885,-0.276878,0.470453,-0.497999,-0.423954,0.592397,0.147399,0.725398,-0.0810142,-0.667464,0,0,0,0,0.0308774,0.638744,0.729451,-0.242804,-0.520199,0.428498,-0.368077,0.640548,0.15516,0.676606,0.0601949,0.717291,0,0,0,0,0.0504707,0.0145461,0.970767,-0.234208,0,0,0,0,0,0,0,0,0,0,0,0,0,0,0,0,
0.0187875,0.0189282,0.975511,-0.21833,0.0318401,0.0160048,0.975172,-0.218563,0.0456921,0.0172637,0.965771,-0.254756,0,0,0,0,-0.0624023,0.67478,-0.659818,0.324681,0.757207,-0.551651,-0.112115,0.331284,0.491557,-0.445992,0.642619,-0.382758,0.490164,-0.449097,0.638083,-0.388459,0.013445,0.723889,0.640797,-0.255311,0.769951,-0.548943,-0.123821,-0.300843,-0.426326,0.448554,0.689454,-0.376429,-0.439951,0.426718,0.697861,-0.3706,0.0103424,-0.573777,0.770579,-0.277273,0.476186,-0.497708,-0.425895,0.58664,0.149007,0.722799,-0.0880146,-0.669038,0,0,0,0,0.0309542,0.636964,0.730066,-0.245606,-0.525056,0.425967,-0.371324,0.636386,0.155795,0.678707,0.0602685,0.715159,0,0,0,0,0.0458072,0.0155592,0.970641,-0.235616,0,0,0,0,0,0,0,0,0,0,0,0,0,0,0,0,
0.0200563,0.0192667,0.975468,-0.218379,0.0325471,0.0164684,0.975131,-0.218607,0.0457089,0.0173691,0.965922,-0.254173,0,0,0,0,-0.0639522,0.687404,-0.648103,0.321478,0.76358,-0.596509,0.0174842,0.24661,0.408569,-0.354957,0.685554,-0.486922,0.316904,-0.5074,0.781665,-0.176401,0.0103979,0.733082,0.631557,-0.252226,0.769353,-0.556417,-0.158006,-0.271165,-0.452107,0.47735,0.666248,-0.351922,-0.470836,0.453103,0.667188,-0.357591,0.0105098,-0.574756,0.769618,-0.277909,0.47193,-0.491968,-0.436065,0.587449,-0.195606,-0.654628,0.134564,0.7177,0,0,0,0,0.0313512,0.635371,0.731696,-0.244829,-0.528525,0.425436,-0.372653,0.633084,0.157585,0.679048,0.0628594,0.714219,0,0,0,0,0.0458394,0.0157218,0.970758,-0.235119,0,0,0,0,0,0,0,0,0,0,0,0,0,0,0,0,
0.0261976,0.0130299,0.975785,-0.216767,0.0459937,0.0086284,0.975052,-0.216987,0.0667723,0.00497896,0.96593,-0.249994,0,0,0,0,-0.11091,0.743132,-0.576836,0.32049,0.771314,-0.612706,0.130432,0.11249,0.754767,-0.603914,0.193671,-0.167649,0.168775,-0.512277,0.84207,0.0024358,-0.00563958,0.750382,0.616857,-0.237451,0.752278,-0.57789,-0.244211,-0.2012,-0.375806,0.387769,0.689922,-0.482091,-0.278206,0.479743,0.818943,-0.147584,0.0161055,-0.583736,0.761877,-0.280245,0.485102,-0.492982,-0.436078,0.575745,0.141771,0.731209,-0.083477,-0.662016,0,0,0,0,0.0334151,0.628353,0.73871,-0.241585,-0.537403,0.436411,-0.36953,0.619831,0.201059,0.664916,0.10673,0.711386,0,0,0,0,0.0674428,0.00604045,0.970166,-0.232794,0,0,0,0,0,0,0,0,0,0,0,0,0,0,0,0,
0.0320074,0.0135129,0.975024,-0.219364,0.0511709,0.0091974,0.974207,-0.219587,0.0714007,0.00631916,0.96466,-0.253561,0,0,0,0,-0.119996,0.735893,-0.579769,0.328528,0.752576,-0.520571,-0.191506,0.35491,0.470374,-0.459962,0.653184,-0.374878,0.495888,-0.41825,0.672799,-0.355674,-0.00591131,0.741581,0.625376,-0.242748,0.751677,-0.560968,-0.0401817,-0.344503,-0.399551,0.34012,0.716867,-0.459108,-0.304435,0.51355,0.796956,-0.0919059,0.0173172,-0.583011,0.760778,-0.284632,0.485665,-0.48867,-0.443167,0.573528,0.151256,0.732958,-0.0842905,-0.657867,0,0,0,0,0.039312,0.62711,0.740113,-0.239625,-0.535959,0.425677,-0.380167,0.62211,0.145122,0.668321,0.0649022,0.726687,0,0,0,0,0.0719139,0.00649211,0.969149,-0.23566,0,0,0,0,0,0,0,0,0,0,0,0,0,0,0,0,
0.0362651,0.0110011,0.974445,-0.221408,0.0532202,0.00714571,0.973666,-0.221566,0.0707944,0.0034955,0.963931,-0.25654,0,0,0,0,-0.114202,0.737859,-0.578441,0.328524,0.775689,-0.551203,-0.100946,0.29033,0.472944,-0.459507,0.649225,-0.379057,0.490403,-0.43073,0.664613,-0.363684,-0.00178116,0.734022,0.632543,-0.24718,0.758228,-0.560982,-0.138637,-0.301941,-0.440042,0.432402,0.674899,-0.40485,-0.378339,0.473861,0.764052,-0.220319,0.0182433,-0.584929,0.758178,-0.28756,0.488088,-0.487547,-0.445463,0.570641,0.149895,0.731385,-0.084979,-0.659838,0,0,0,0,0.0448206,0.625291,0.741763,-0.238305,-0.535977,0.424841,-0.383462,0.620642,0.162759,0.668113,0.0721304,0.722448,0,0,0,0,0.0713108,0.00380415,0.96861,-0.238106,0,0,0,0,0,0,0,0,0,0,0,0,0,0,0,0,
0.0401508,0.0109256,0.973614,-0.224374,0.0546593,0.00757978,0.972908,-0.224512,0.0696423,0.0050879,0.963138,-0.259788,0,0,0,0,-0.10296,0.733212,-0.585581,0.329992,0.77342,-0.571702,0.012774,0.273524,0.496418,-0.43172,0.639862,-0.397193,0.495623,-0.427119,0.660873,-0.36766,0.00653433,0.72785,0.638158,-0.25089,0.755064,-0.581157,-0.0842257,-0.291617,0.0556618,-0.0342546,0.809118,-0.584,0.226567,0.473574,0.811074,-0.25798,0.0179676,-0.585476,0.756324,-0.291325,0.491843,-0.4872,-0.446808,0.566647,0.148153,0.731181,-0.0873287,-0.660151,0,0,0,0,0.0492009,0.622635,0.743819,-0.237987,-0.536456,0.423938,-0.386603,0.618895,0.159323,0.668449,0.0694105,0.723169,0,0,0,0,0.0700563,0.00488229,0.967952,-0.241118,0,0,0,0,0,0,0,0,0,0,0,0,0,0,0,0,
0.0391107,0.01218,0.973171,-0.226407,0.0527619,0.00900194,0.972526,-0.226556,0.0673243,0.00965511,0.961908,-0.264779,0,0,0,0,-0.0910633,0.703708,-0.617731,0.338984,0.761757,-0.540478,-0.130361,0.332588,0.475758,-0.445765,0.655257,-0.381558,0.483706,-0.432138,0.663697,-0.372548,0.0172061,0.708998,0.654991,-0.260793,0.731109,-0.602606,-0.224561,-0.227857,-0.436431,0.477063,0.632349,-0.4267,-0.432128,0.334343,0.821323,-0.164038,0.0160576,-0.583427,0.75759,-0.292255,0.490042,-0.489299,-0.447108,0.566162,0.147546,0.730609,-0.0882952,-0.660791,0,0,0,0,0.0496497,0.62326,0.742653,-0.239891,-0.537459,0.423914,-0.384876,0.619116,0.159151,0.668796,0.0701663,0.722814,0,0,0,0,0.0674757,0.00810228,0.967122,-0.245063,0,0,0,0,0,0,0,0,0,0,0,0,0,0,0,0,
0.0397031,0.0101758,0.972794,-0.228019,0.055162,0.00654984,0.97204,-0.228152,0.0712503,0.00446307,0.961338,-0.265956,0,0,0,0,-0.102283,0.679558,-0.636603,0.349966,0.75982,-0.534887,-0.144731,0.340031,0.457765,-0.443586,0.665821,-0.38777,0.468401,-0.430978,0.661584,-0.39644,0.0196174,0.690422,0.672201,-0.266604,0.752061,-0.561486,-0.111852,-0.326539,-0.459296,0.461939,0.658435,-0.376993,-0.462222,0.414834,0.73378,-0.275372,0.0162883,-0.58309,0.757365,-0.293494,0.49133,-0.489147,-0.448908,0.563748,0.145815,0.731387,-0.0882201,-0.660324,0,0,0,0,0.0516038,0.621887,0.743382,-0.240786,-0.538033,0.424512,-0.384509,0.618436,0.152552,0.668696,0.0682104,0.724514,0,0,0,0,0.0715176,0.00362909,0.966485,-0.246533,0,0,0,0,0,0,0,0,0,0,0,0,0,0,0,0,
0.0435513,0.0105983,0.972348,-0.229195,0.0570795,0.00740751,0.971648,-0.229321,0.0711294,0.00598734,0.961233,-0.266337,0,0,0,0,-0.101784,0.676611,-0.639408,0.350706,0.764564,-0.617835,0.132901,0.126722,0.441628,-0.46982,0.63894,-0.419512,0.478781,-0.392859,0.706347,-0.34279,0.0195658,0.684561,0.676998,-0.269567,0.720933,-0.608411,-0.241653,-0.227367,-0.39899,0.420289,0.645644,-0.497301,-0.325165,0.343677,0.879499,-0.0513343,0.0172766,-0.58414,0.755415,-0.296362,0.492204,-0.489933,-0.44956,0.561779,0.137575,0.733314,-0.0841926,-0.660481,0,0,0,0,0.0542676,0.619897,0.745258,-0.239525,-0.537277,0.426672,-0.381906,0.61922,0.151542,0.667717,0.070205,0.725438,0,0,0,0,0.071396,0.00507441,0.966322,-0.247179,0,0,0,0,0,0,0,0,0,0,0,0,0,0,0,0,
0.043591,0.00861743,0.97182,-0.231496,0.0571501,0.00538567,0.971117,-0.231594,0.0715763,0.00485506,0.961119,-0.266653,0,0,0,0,-0.106008,0.687869,-0.626895,0.350144,0.778813,-0.574559,-0.0288188,0.250001,0.449761,-0.468665,0.653251,-0.389014,0.492439,-0.414889,0.65584,-0.394012,0.016656,0.709562,0.654392,-0.260797,0.7527,-0.571617,-0.161316,-0.284032,-0.356101,0.338127,0.717207,-0.494445,-0.244298,0.551719,0.773893,-0.19239,0.0171277,-0.582416,0.75621,-0.297734,0.495939,-0.488497,-0.450598,0.558907,0.137092,0.733195,-0.0858409,-0.660502,0,0,0,0,0.0565272,0.619214,0.745123,-0.241186,-0.5378,0.426577,-0.386716,0.615836,0.193315,0.66273,0.0918151,0.717627,0,0,0,0,0.0716986,0.00353082,0.966094,-0.248012,0,0,0,0,0,0,0,0,0,0,0,0,0,0,0,0,
0.0460541,0.00984664,0.971424,-0.232631,0.0588371,0.00678363,0.970734,-0.23274,0.0723341,0.00621842,0.960828,-0.267469,0,0,0,0,-0.103525,0.700966,-0.614488,0.346893,0.783002,-0.571648,-0.0255022,0.243877,0.462385,-0.475849,0.647104,-0.375531,0.500781,-0.429326,0.644223,-0.387136,0.0157802,0.704063,0.658869,-0.264458,0.744781,-0.580284,-0.130785,-0.302435,-0.422177,0.454221,0.667206,-0.412657,-0.42066,0.35825,0.803617,-0.221138,0.0167593,-0.583498,0.754558,-0.299819,0.498337,-0.48819,-0.451097,0.556635,0.133708,0.734536,-0.085284,-0.659777,0,0,0,0,0.0581559,0.617564,0.746577,-0.240532,-0.535314,0.423407,-0.390706,0.617669,0.160763,0.665433,0.0690349,0.725664,0,0,0,0,0.0725292,0.00507038,0.965769,-0.249008,0,0,0,0,0,0,0,0,0,0,0,0,0,0,0,0,
0.0498912,0.00926613,0.970795,-0.234483,0.0586903,0.00713995,0.970303,-0.234557,0.0677805,0.00703599,0.960843,-0.268583,0,0,0,0,-0.0912102,0.697356,-0.621721,0.34473,0.782577,-0.56762,-0.0403997,0.252484,0.456795,-0.474122,0.651213,-0.37745,0.495116,-0.427758,0.648488,-0.389032,0.0195118,0.698781,0.662877,-0.268177,0.739336,-0.574994,-0.0927031,-0.33789,-0.333221,0.259825,0.741791,-0.52077,-0.255009,0.627811,0.732916,-0.060479,0.0179293,-0.584845,0.752084,-0.303322,0.5023,-0.484472,-0.451585,0.555926,0.184463,0.708022,-0.126968,-0.669744,0,0,0,0,0.0610635,0.61457,0.748957,-0.240081,-0.536439,0.426812,-0.392251,0.613355,0.199606,0.661329,0.0946259,0.716831,0,0,0,0,0.0679934,0.00601662,0.96574,-0.250373,0,0,0,0,0,0,0,0,0,0,0,0,0,0,0,0,
0.0491215,0.00907796,0.970936,-0.234067,0.0581765,0.00689414,0.970436,-0.234141,0.0675369,0.00657114,0.961076,-0.267823,0,0,0,0,-0.0956015,0.694639,-0.623498,0.345814,0.784289,-0.575791,-0.0118864,0.230684,0.450646,-0.474281,0.653234,-0.381132,0.488739,-0.428593,0.650292,-0.393144,0.0164246,0.701949,0.659982,-0.267247,0.737306,-0.560247,-0.0475459,-0.374489,-0.460689,0.412675,0.670923,-0.409057,-0.366368,0.546307,0.73132,-0.180261,0.0180466,-0.584408,0.752695,-0.302642,0.502065,-0.485504,-0.452301,0.554654,0.136717,0.733418,-0.0878318,-0.66007,0,0,0,0,0.0602366,0.61468,0.748864,-0.240298,-0.540068,0.432104,-0.388491,0.608841,0.180026,0.663575,0.0939185,0.720027,0,0,0,0,0.0677467,0.00558399,0.965934,-0.249701,0,0,0,0,0,0,0,0,0,0,0,0,0,0,0,0,
0.0453408,0.0111675,0.970928,-0.234773,0.0544219,0.0089707,0.970461,-0.234867,0.0641084,0.0101179,0.960831,-0.269429,0,0,0,0,-0.0931693,0.686048,-0.632646,0.347011,0.78517,-0.584665,0.0266541,0.202397,0.431574,-0.464669,0.664634,-0.395081,0.464505,-0.427629,0.655806,-0.413868,0.0140475,0.700772,0.65984,-0.2708,0.71527,-0.564647,0.00204702,-0.411774,-0.422626,0.352962,0.704247,-0.448153,-0.323744,0.547638,0.765009,-0.100219,0.0139383,-0.583272,0.754404,-0.300789,0.5024,-0.489056,-0.451477,0.551894,0.136004,0.731995,-0.0930725,-0.661078,0,0,0,0,0.0584465,0.616242,0.747075,-0.242296,-0.539668,0.429343,-0.390042,0.610156,0.133721,0.670339,0.0648983,0.727016,0,0,0,0,0.0642151,0.00856242,0.965833,-0.250937,0,0,0,0,0,0,0,0,0,0,0,0,0,0,0,0,
0.0422531,0.0137062,0.970863,-0.235483,0.0506637,0.0116653,0.97046,-0.235593,0.0595743,0.0130371,0.960825,-0.270361,0,0,0,0,-0.0844146,0.681822,-0.639482,0.345044,0.781717,-0.597438,0.0978514,0.149706,0.434018,-0.466744,0.660826,-0.396342,0.461455,-0.435532,0.654218,-0.411546,0.0139067,0.694474,0.664405,-0.275825,0.714653,-0.569095,-0.00414487,-0.406674,-0.0548834,0.096657,0.819163,-0.562688,0.110728,0.455961,0.803499,-0.366373,0.00993598,-0.583081,0.755123,-0.29951,0.495633,-0.478449,-0.459957,0.560245,0.153101,0.72913,-0.0846594,-0.661636,0,0,0,0,0.0563905,0.616075,0.746817,-0.243998,-0.538531,0.428931,-0.39016,0.611374,0.194542,0.664204,0.0955222,0.715446,0,0,0,0,0.059739,0.0115973,0.965841,-0.251888,0,0,0,0,0,0,0,0,0,0,0,0,0,0,0,0,
0.0410437,0.0145254,0.970655,-0.236503,0.0492464,0.0125259,0.970273,-0.236617,0.0578075,0.0133606,0.960802,-0.270814,0,0,0,0,-0.0835124,0.687748,-0.634298,0.343066,0.770462,-0.605457,0.17996,0.0861624,0.432853,-0.467571,0.659192,-0.39935,0.461352,-0.431482,0.662494,-0.40259,0.0106096,0.696387,0.661826,-0.277342,0.719091,-0.581521,-0.0388588,-0.378459,-0.32353,0.266719,0.745851,-0.517586,-0.235948,0.564861,0.786399,-0.0826856,0.00827237,-0.582193,0.755819,-0.299533,0.504963,-0.487332,-0.451312,0.551215,0.18885,0.747917,-0.120256,-0.624895,0,0,0,0,0.0559578,0.615928,0.746538,-0.245322,-0.536973,0.426639,-0.393524,0.612191,0.197347,0.687839,0.0847897,0.693356,0,0,0,0,0.0580094,0.0120903,0.965769,-0.252544,0,0,0,0,0,0,0,0,0,0,0,0,0,0,0,0,
0.0417288,0.0142476,0.970538,-0.236879,0.0488479,0.0125094,0.970206,-0.236977,0.0561966,0.0133218,0.960874,-0.270896,0,0,0,0,-0.08207,0.68682,-0.63583,0.342437,0.770047,-0.605548,0.18074,0.087592,0.438088,-0.470129,0.655245,-0.39713,0.467207,-0.430998,0.663937,-0.393886,0.00932215,0.694357,0.663229,-0.279122,0.720731,-0.573287,-0.0389499,-0.387777,-0.398059,0.329004,0.712245,-0.475408,-0.298138,0.577994,0.753305,-0.0978189,0.00818769,-0.582108,0.755762,-0.299844,0.502501,-0.482751,-0.454333,0.555,0.152884,0.727511,-0.0972377,-0.661739,0,0,0,0,0.0572873,0.616112,0.746417,-0.244919,-0.533911,0.424368,-0.39762,0.613799,0.145305,0.671254,0.0590737,0.724441,0,0,0,0,0.0564058,0.0121199,0.965824,-0.252697,0,0,0,0,0,0,0,0,0,0,0,0,0,0,0,0,
0.0403935,0.0149418,0.970493,-0.237254,0.0441467,0.0140241,0.970329,-0.23731,0.0479208,0.015769,0.961282,-0.270908,0,0,0,0,-0.0706843,0.689921,-0.637153,0.336227,0.761512,-0.607582,0.218302,0.0573376,0.430865,-0.46658,0.657891,-0.40477,0.45563,-0.435719,0.659858,-0.408826,0.00601507,0.704399,0.652528,-0.279273,0.745504,-0.576064,-0.0265143,-0.334171,-0.0523795,0.0421476,0.820972,-0.566997,-0.118453,0.661816,0.735141,0.0868155,0.0067275,-0.581073,0.756851,-0.299142,0.506447,-0.486821,-0.451933,0.549794,0.121387,0.726718,-0.0857491,-0.670666,0,0,0,0,0.0574141,0.617696,0.744923,-0.245449,-0.535541,0.429263,-0.395444,0.610371,0.139331,0.677236,0.0620004,0.719788,0,0,0,0,0.0481036,0.0144918,0.966217,-0.252787,0,0,0,0,0,0,0,0,0,0,0,0,0,0,0,0,
0.0411954,0.0145471,0.970592,-0.236733,0.0462461,0.0133148,0.970365,-0.236805,0.051418,0.0147479,0.961488,-0.269592,0,0,0,0,-0.0687918,0.686525,-0.640677,0.336874,0.622552,-0.53587,0.543516,-0.17281,0.400247,-0.493833,0.608051,-0.475611,0.462303,-0.396838,0.684832,-0.399752,0.0121041,0.686825,0.669789,-0.281969,0.746407,-0.583659,-0.0389798,-0.317332,-0.0959997,0.0732154,0.809703,-0.574286,-0.148625,0.649785,0.740769,0.0833744,0.00751601,-0.58208,0.756022,-0.29926,0.501143,-0.482463,-0.455943,0.555158,0.178869,0.719133,-0.115929,-0.661373,0,0,0,0,0.0572436,0.616649,0.746008,-0.244824,-0.533357,0.430161,-0.39516,0.611833,0.19353,0.649615,0.0974565,0.728731,0,0,0,0,0.0516094,0.0135323,0.966305,-0.251811,0,0,0,0,0,0,0,0,0,0,0,0,0,0,0,0,
0.0400263,0.0137866,0.970665,-0.236682,0.0418947,0.013331,0.970586,-0.236708,0.0438312,0.0160095,0.962037,-0.268899,0,0,0,0,-0.0501566,0.680019,-0.65244,0.330727,0.615996,-0.539208,0.544778,-0.181714,0.405303,-0.502579,0.603002,-0.468542,0.470642,-0.391481,0.696807,-0.373763,0.0175619,0.684192,0.671997,-0.282829,0.728583,-0.544846,0.0799884,-0.407322,-0.448213,0.372527,0.698869,-0.414621,-0.354176,0.539538,0.741466,-0.183537,0.00709843,-0.582245,0.756179,-0.298553,0.506426,-0.491318,-0.447173,0.549706,0.116794,0.72264,-0.0894877,-0.675383,0,0,0,0,0.0566547,0.616606,0.745869,-0.245495,-0.531373,0.43082,-0.395015,0.613189,0.192071,0.638141,0.0997443,0.738875,0,0,0,0,0.043975,0.0147161,0.966787,-0.251342,0,0,0,0,0,0,0,0,0,0,0,0,0,0,0,0,
0.0385446,0.0141996,0.971066,-0.235254,0.0407857,0.0136566,0.970974,-0.235286,0.0430303,0.015796,0.962733,-0.266542,0,0,0,0,-0.0525761,0.6823,-0.6507,0.329078,0.710679,-0.565077,0.413246,-0.069644,0.101866,-0.177304,0.75137,-0.627399,-0.0213213,0.715755,-0.698008,0.00501579,0.0143573,0.690248,0.666908,-0.280332,0.747375,-0.574698,-0.021808,-0.33268,0.0251457,-0.0159551,0.824413,-0.565205,-0.100731,0.695079,0.700601,0.126001,0.00734382,-0.581575,0.757347,-0.296886,0.501362,-0.488064,-0.450683,0.554359,0.124913,0.722151,-0.0856786,-0.674947,0,0,0,0,0.0547056,0.617734,0.745132,-0.245337,-0.530495,0.43101,-0.393916,0.61452,0.192914,0.638271,0.0996596,0.738554,0,0,0,0,0.0432012,0.0146494,0.967371,-0.249223,0,0,0,0,0,0,0,0,0,0,0,0,0,0,0,0,
0.0346656,0.0145574,0.971791,-0.232829,0.0424332,0.0126957,0.971482,-0.232938,0.0504378,0.0129571,0.963214,-0.263641,0,0,0,0,-0.0644663,0.672755,-0.65654,0.334964,-0.638967,0.547927,-0.51762,0.153514,0.431381,-0.498191,0.61866,-0.427757,0.483691,-0.447537,0.599764,-0.453912,0.017387,0.682162,0.676394,-0.277208,0.725638,-0.495204,0.147973,-0.454232,-0.489937,0.449903,0.670954,-0.327674,-0.42018,0.570466,0.623233,-0.331056,0.00711709,-0.582199,0.75806,-0.293834,0.496222,-0.486618,-0.451802,0.559322,0.129953,0.728059,-0.0802356,-0.668285,0,0,0,0,0.0491012,0.617386,0.745435,-0.246473,-0.527283,0.434086,-0.390231,0.617464,0.195505,0.651183,0.0980007,0.726728,0,0,0,0,0.0506508,0.012019,0.967736,-0.246531,0,0,0,0,0,0,0,0,0,0,0,0,0,0,0,0,
0.0325066,0.0161938,0.972584,-0.229699,0.0385822,0.0147584,0.972362,-0.229795,0.045111,0.0167728,0.964782,-0.25861,0,0,0,0,-0.0635643,0.676346,-0.656149,0.328608,0.765333,-0.570945,0.296442,0.020248,0.137692,-0.0731659,0.748535,-0.644502,0.0784791,-0.682382,0.716932,-0.119179,0.00853653,0.692775,0.666745,-0.274665,0.762572,-0.565539,-0.0351855,-0.312108,-0.414857,0.419283,0.690134,-0.419299,-0.30412,0.536538,0.780488,-0.102354,0.00787327,-0.581556,0.75966,-0.290942,0.49389,-0.489596,-0.450342,0.559966,0.127016,0.72543,-0.0805245,-0.671666,0,0,0,0,0.0450285,0.619499,0.744222,-0.245615,-0.52613,0.434198,-0.388412,0.619512,0.197443,0.647894,0.0993192,0.728961,0,0,0,0,0.0451983,0.0152769,0.969115,-0.241951,0,0,0,0,0,0,0,0,0,0,0,0,0,0,0,0,
0.0266042,0.0222783,0.972267,-0.231283,0.0332761,0.0206905,0.972062,-0.231431,0.0398905,0.0209804,0.964109,-0.261652,0,0,0,0,0.00887553,-0.645304,0.669865,-0.36713,-0.632228,0.553276,-0.517301,0.16301,0.418959,-0.498334,0.61316,-0.447405,0.476016,-0.420613,0.655793,-0.407956,0.0146976,0.697718,0.661442,-0.274714,0.758581,-0.562625,-0.0141553,-0.328341,-0.40559,0.42652,0.693077,-0.416199,-0.33306,0.377993,0.859372,-0.0875963,0.00351659,-0.572349,0.767277,-0.289293,0.480918,-0.504878,-0.441155,0.564977,0.133548,0.720566,-0.0939263,-0.67389,0,0,0,0,0.0430652,0.628227,0.735837,-0.249038,-0.517016,0.430781,-0.384879,0.631658,0.150827,0.681099,0.0546023,0.714404,0,0,0,0,0.0401613,0.0199714,0.968569,-0.244668,0,0,0,0,0,0,0,0,0,0,0,0,0,0,0,0,
0.0305188,0.0198674,0.973108,-0.227452,0.038683,0.0179582,0.972818,-0.22761,0.0466986,0.017309,0.964882,-0.257919,0,0,0,0,-0.00102399,-0.653937,0.672885,-0.34582,-0.633248,0.561034,-0.508568,0.15999,0.426882,-0.508449,0.599973,-0.446411,0.490689,-0.414629,0.663098,-0.384198,0.0616701,0.636202,0.710086,-0.295332,0.737281,-0.566187,0.0193308,-0.36807,-0.422626,0.447426,0.673935,-0.408666,-0.393777,0.26896,0.877811,-0.0452598,0.00748703,-0.58141,0.760421,-0.28925,0.480497,-0.506748,-0.43381,0.569331,0.128024,0.726365,-0.0900063,-0.669255,0,0,0,0,0.0397606,0.619839,0.744238,-0.24562,-0.511747,0.443518,-0.373738,0.63382,0.110147,0.680132,0.0467673,0.723257,0,0,0,0,0.0470207,0.0165705,0.969303,-0.24076,0,0,0,0,0,0,0,0,0,0,0,0,0,0,0,0,
0.0485255,0.0187677,0.972978,-0.224958,0.0572386,0.016752,0.972505,-0.225117,0.0655413,0.0152866,0.963774,-0.258089,0,0,0,0,-0.0463696,0.690594,-0.646841,0.320197,0.764626,-0.589374,0.256416,0.0472917,0.0422048,-0.0144713,0.764716,-0.642821,0.0485586,-0.684404,0.727334,-0.01475,0.0733157,0.59707,0.740345,-0.300036,0.727542,-0.590572,0.00201858,-0.349146,-0.314,0.322724,0.730321,-0.513696,-0.208955,0.547301,0.810429,0.00213624,0.0164008,-0.597421,0.744229,-0.298231,0.468868,-0.515721,-0.425778,0.576982,0.1768,0.707903,-0.13077,-0.671204,0,0,0,0,0.0448869,0.606414,0.758086,-0.235696,-0.490849,0.448216,-0.364046,0.652411,0.205347,0.674821,0.08528,0.703688,0,0,0,0,0.0660568,0.0149203,0.968433,-0.239897,0,0,0,0,0,0,0,0,0,0,0,0,0,0,0,0,
0.0367217,0.0224214,0.973856,-0.223054,0.0504647,0.0192706,0.973241,-0.223348,0.064192,0.0168941,0.964231,-0.256618,0,0,0,0,-0.0657651,0.683446,-0.649147,0.327391,0.734692,-0.587204,0.339052,-0.0214918,0.33921,-0.335865,0.673118,-0.564839,0.230006,-0.542941,0.790885,-0.163751,0.0608046,0.613597,0.725051,-0.306761,0.739631,-0.598976,-0.0340716,-0.30498,-0.310824,0.345374,0.721116,-0.513904,-0.198629,0.485487,0.851364,0.00529092,0.0110503,-0.589478,0.75376,-0.290241,0.461225,-0.521217,-0.422184,0.580831,-0.169774,-0.687348,0.134146,0.69335,0,0,0,0,0.0378557,0.615521,0.749862,-0.239598,-0.491268,0.450414,-0.361503,0.651996,0.197337,0.654218,0.0917367,0.724321,0,0,0,0,0.0646919,0.0163813,0.968897,-0.238296,0,0,0,0,0,0,0,0,0,0,0,0,0,0,0,0,
0.0242433,0.0207885,0.975226,-0.218892,0.0289846,0.019724,0.975097,-0.218991,0.0334878,0.0203282,0.966916,-0.25207,0,0,0,0,-0.00540888,-0.583486,0.733788,-0.34795,-0.682216,0.586656,-0.432945,0.0545449,0.428593,-0.49384,0.604611,-0.454836,0.439305,-0.487514,0.579698,-0.483003,0.0514812,0.632425,0.714432,-0.294916,0.733332,-0.604089,-0.0297993,-0.310504,0.0125584,-0.0127916,0.80187,-0.597229,0.26518,0.613498,0.691485,-0.274132,0.00975638,-0.582316,0.762868,-0.280793,0.442889,-0.537172,-0.403766,0.593522,0.116589,0.720707,-0.0879238,-0.677685,0,0,0,0,0.0314337,0.630384,0.736438,-0.243489,-0.478768,0.462176,-0.350902,0.658819,0.128823,0.686145,0.0550458,0.713849,0,0,0,0,0.0337514,0.0192917,0.971535,-0.233683,0,0,0,0,0,0,0,0,0,0,0,0,0,0,0,0,
0.0336629,0.0145847,0.974127,-0.223006,0.038939,0.0133765,0.97393,-0.223082,0.0447149,0.0162502,0.96611,-0.253708,0,0,0,0,0.00124188,-0.599725,0.717983,-0.353311,-0.667915,0.564108,-0.479241,0.0774599,0.433797,-0.503545,0.59394,-0.453318,0.463535,-0.470163,0.602383,-0.448572,0.0613161,0.621135,0.724017,-0.293653,-0.682553,0.620346,0.380193,0.0688889,-0.496514,0.571257,0.518924,-0.397312,-0.438754,0.393368,0.784553,-0.192958,0.010306,-0.592912,0.752254,-0.287165,0.442464,-0.537111,-0.398498,0.597441,0.11586,0.727073,-0.0857272,-0.671262,0,0,0,0,0.0398519,0.616419,0.748532,-0.241122,-0.464212,0.470306,-0.348986,0.664476,0.127423,0.679357,0.0538539,0.72065,0,0,0,0,0.0447311,0.01444,0.970545,-0.236292,0,0,0,0,0,0,0,0,0,0,0,0,0,0,0,0,
0.021818,0.0144591,0.97422,-0.224079,0.0326845,0.0119585,0.973916,-0.224226,0.0444757,0.0137869,0.965519,-0.256134,0,0,0,0,-0.00118079,-0.609989,0.710346,-0.351171,0.629473,-0.530377,0.544967,-0.159609,0.416392,-0.519074,0.553061,-0.501302,0.426055,-0.451137,0.706017,-0.341311,0.0632969,0.62016,0.724289,-0.294621,0.707852,-0.606711,-0.335553,-0.135101,-0.433748,0.49378,0.604547,-0.450074,-0.434321,0.434042,0.728383,-0.304025,0.00279808,-0.592772,0.754372,-0.282022,0.436935,-0.539076,-0.387147,0.607127,0.114593,0.727922,-0.0833229,-0.670862,0,0,0,0,0.0325961,0.618274,0.744832,-0.248795,-0.452452,0.477243,-0.344746,0.669833,0.126496,0.678627,0.0531365,0.721555,0,0,0,0,0.0443465,0.0115817,0.970073,-0.238447,0,0,0,0,0,0,0,0,0,0,0,0,0,0,0,0,
0.0155337,0.0151698,0.978402,-0.205568,0.0206217,0.0141005,0.978308,-0.205644,0.0253438,0.0133705,0.969569,-0.243136,0,0,0,0,-0.0331215,0.691684,-0.660751,0.289627,0.616946,-0.526585,0.553448,-0.18916,-0.446753,0.568752,-0.493699,0.482901,0.323946,-0.521962,0.709101,-0.346108,0.00358698,0.69237,0.672324,-0.261898,0.719637,-0.605496,-0.165705,-0.296713,-0.321794,0.250091,0.70993,-0.574371,-0.224878,0.626696,0.730505,-0.151805,0.0141891,-0.595959,0.756578,-0.268741,0.428526,-0.542987,-0.372789,0.618513,0.107834,0.717956,-0.0807653,-0.682926,0,0,0,0,0.0141166,0.626756,0.740636,-0.241734,-0.439028,0.483674,-0.336812,0.678139,0.122044,0.691446,0.0471554,0.710482,0,0,0,0,0.025562,0.0123566,0.975328,-0.218929,0,0,0,0,0,0,0,0,0,0,0,0,0,0,0,0,
-0.00121938,0.0219933,0.977404,-0.21023,-0.00433875,0.0226641,0.977395,-0.210158,-0.00807064,0.0240098,0.969675,-0.24308,0,0,0,0,-0.047529,-0.608662,0.738052,-0.287317,-0.624423,0.571969,-0.501173,0.178251,0.352686,-0.461184,0.603981,-0.546012,0.238514,-0.555245,0.747866,-0.274792,0.0320612,0.66632,0.687995,-0.285749,-0.692314,0.595901,0.390822,0.113407,-0.431568,0.513512,0.598228,-0.438381,-0.452276,0.472509,0.649855,-0.387131,0.00273878,-0.586295,0.765468,-0.265161,0.40375,-0.555297,-0.351834,0.636274,0.103349,0.704529,-0.0780745,-0.697755,0,0,0,0,0.00340874,0.630678,0.733024,-0.254773,-0.419041,0.499949,-0.307834,0.692599,0.164262,0.701432,0.0776139,0.689194,0,0,0,0,-0.00804452,0.0224918,0.974412,-0.223496,0,0,0,0,0,0,0,0,0,0,0,0,0,0,0,0,
0.00217473,0.021645,0.977441,-0.210084,0.00355097,0.0213492,0.977437,-0.210114,0.00451087,0.0222634,0.969307,-0.244802,0,0,0,0,-0.0392221,-0.630407,0.718181,-0.292002,-0.635709,0.563314,-0.504045,0.156497,-0.460996,0.564303,-0.484829,0.483721,0.361872,-0.463274,0.742474,-0.321181,0.0413512,0.666206,0.689908,-0.280155,0.729553,-0.586065,-0.295192,-0.192721,-0.352009,0.30399,0.668389,-0.580461,-0.231179,0.631319,0.711059,-0.205883,0.00354849,-0.594099,0.758567,-0.2676,0.402327,-0.554269,-0.347459,0.640462,0.0862798,0.713737,-0.0628745,-0.69223,0,0,0,0,0.00270825,0.625189,0.73811,-0.253625,-0.407911,0.501633,-0.301708,0.700675,0.112391,0.698778,0.0495897,0.704712,0,0,0,0,0.00461402,0.0209409,0.974016,-0.225463,0,0,0,0,0,0,0,0,0,0,0,0,0,0,0,0,
-0.000723929,0.0191432,0.979265,-0.201676,0.014105,0.016087,0.979164,-0.201943,0.0291861,0.0144145,0.971658,-0.234137,0,0,0,0,-0.00685337,-0.662089,0.684863,-0.304227,-0.676353,0.603437,-0.417135,0.0664064,0.38823,-0.445724,0.574461,-0.566217,0.302722,-0.509846,0.759691,-0.266993,0.0443117,0.659068,0.700659,-0.269707,0.702673,-0.590078,-0.360791,-0.166996,0.342464,-0.312586,-0.633071,0.619862,-0.216186,0.59981,0.735196,-0.23017,0.00971895,-0.598294,0.757201,-0.261909,0.388474,-0.562597,-0.330077,0.650862,0.0876915,0.724099,-0.0650935,-0.680994,0,0,0,0,-0.00578648,0.62685,0.737527,-0.251157,-0.387161,0.506508,-0.28416,0.716107,0.104313,0.688941,0.0452512,0.715843,0,0,0,0,0.0292695,0.0131552,0.975897,-0.21586,0,0,0,0,0,0,0,0,0,0,0,0,0,0,0,0,
0.0032842,0.024315,0.978678,-0.203928,0.00652193,0.0236402,0.978662,-0.204007,0.00910798,0.0231703,0.970866,-0.238328,0,0,0,0,-0.0321576,-0.573481,0.76087,-0.301931,-0.682364,0.653171,-0.328167,0.00738564,0.419713,-0.511145,0.57911,-0.476658,0.411861,-0.498521,0.64918,-0.400516,0.0443013,0.658772,0.700556,-0.270699,0.705121,-0.591675,-0.365317,-0.138807,0.351225,-0.335674,-0.626813,0.609155,-0.231214,0.605582,0.734758,-0.199852,0.0138817,-0.584086,0.766582,-0.266463,0.357031,-0.580744,-0.308123,0.66357,0.0803636,0.717685,-0.0619743,-0.688933,0,0,0,0,0.000334175,0.640115,0.726363,-0.2503,-0.365097,0.505839,-0.262808,0.736045,0.112684,0.695263,0.0431955,0.708551,0,0,0,0,0.00942582,0.0225516,0.975303,-0.219515,0,0,0,0,0,0,0,0,0,0,0,0,0,0,0,0,
0.0037912,0.0238737,0.979048,-0.20219,0.010193,0.0225511,0.979002,-0.202342,0.0163199,0.0228083,0.970927,-0.237726,0,0,0,0,-0.0227002,-0.610321,0.731426,-0.30333,-0.620724,0.612176,-0.471776,0.131793,0.376435,-0.51509,0.602547,-0.479496,0.423079,-0.452385,0.649407,-0.441161,0.0428644,0.663955,0.695737,-0.270695,-0.664561,0.496045,0.5585,0.01937,-0.497781,0.583562,0.44013,-0.466856,-0.253825,0.582655,0.701423,-0.322633,0.0126867,-0.592624,0.760349,-0.265529,0.354829,-0.582293,-0.304706,0.66497,0.0746115,0.720969,-0.0586032,-0.686442,0,0,0,0,-0.00221427,0.634071,0.732174,-0.248739,-0.358845,0.517304,-0.250277,0.735519,0.0711904,0.695717,0.0362571,0.713859,0,0,0,0,0.0165438,0.0216335,0.975515,-0.218239,0,0,0,0,0,0,0,0,0,0,0,0,0,0,0,0,
0.0131212,0.0191152,0.980991,-0.192662,0.0170984,0.0183339,0.98093,-0.192737,0.0208997,0.019298,0.974061,-0.224492,0,0,0,0,-0.000607739,-0.667213,0.682637,-0.298048,-0.655971,0.615866,-0.427179,0.089048,0.408597,-0.4989,0.548234,-0.532529,0.367726,-0.489993,0.719345,-0.327457,0.00925028,0.710843,0.659991,-0.242958,-0.668742,0.463775,0.579976,0.036389,0.374719,-0.439432,-0.539351,0.612851,-0.245746,0.607755,0.657037,-0.372218,0.0273928,-0.600107,0.754023,-0.265651,0.340633,-0.583811,-0.289062,0.677921,0.0646779,0.722396,-0.0485447,-0.686734,0,0,0,0,-0.00390373,0.633579,0.735705,-0.239376,-0.340182,0.518161,-0.234865,0.748748,0.0623303,0.69592,0.0296714,0.714793,0,0,0,0,0.0210306,0.0180107,0.978092,-0.206324,0,0,0,0,0,0,0,0,0,0,0,0,0,0,0,0,
0.0179457,0.0128037,0.980496,-0.195301,0.0360074,0.00920325,0.979999,-0.195503,0.0555766,0.0113081,0.972311,-0.226703,0,0,0,0,-0.0140483,-0.623018,0.729332,-0.282359,-0.686739,0.617767,-0.380283,0.046248,-0.62976,0.664124,-0.293364,0.276188,0.174996,-0.518602,0.828357,-0.119383,0.089573,0.510899,0.819812,-0.242627,-0.670834,0.624594,0.352209,0.189244,0.353474,-0.32758,-0.593643,0.644465,-0.218665,0.604485,0.725952,-0.244496,0.0270896,-0.614743,0.740443,-0.270372,0.327065,-0.582554,-0.270348,0.693232,0.0657294,0.736832,-0.0451321,-0.671358,0,0,0,0,-0.00289199,0.617044,0.749416,-0.24005,-0.309185,0.51737,-0.219878,0.767063,0.0602842,0.680087,0.0191132,0.730399,0,0,0,0,0.0558688,0.0104801,0.976683,-0.207024,0,0,0,0,0,0,0,0,0,0,0,0,0,0,0,0,
0.00861525,0.0176941,0.983265,-0.181115,0.00920656,0.0175852,0.983259,-0.181126,0.0104178,0.0244459,0.975907,-0.216562,0,0,0,0,-0.0328303,-0.605827,0.751258,-0.259823,0.706122,-0.672422,0.147047,0.166185,0.206174,-0.198629,0.695475,-0.659055,0.103995,-0.637433,0.751375,-0.135276,0.044733,0.649132,0.720339,-0.24029,0.671089,-0.631381,-0.31728,-0.224346,-0.445872,0.506995,0.558297,-0.48214,-0.48205,0.449527,0.631515,-0.40834,0.0369603,-0.601774,0.754769,-0.258507,0.299881,-0.592861,-0.249593,0.704478,0.0619067,0.717981,-0.0441114,-0.6919,0,0,0,0,-0.0173807,0.635728,0.734514,-0.236721,-0.286925,0.505273,-0.198982,0.789164,0.0877208,0.698789,0.0212752,0.70961,0,0,0,0,0.0104825,0.0223803,0.980311,-0.195907,0,0,0,0,0,0,0,0,0,0,0,0,0,0,0,0,
0.0134623,0.0178991,0.984555,-0.173635,0.0138239,0.0178353,0.98455,-0.173642,0.0142259,0.0220529,0.977219,-0.210605,0,0,0,0,-0.0245101,-0.613697,0.744909,-0.260549,-0.662856,0.637816,-0.391446,0.0241311,0.402067,-0.508781,0.569787,-0.504804,0.355923,-0.52692,0.674922,-0.374372,0.0422469,0.653561,0.717853,-0.236137,0.687403,-0.605593,-0.352585,-0.190836,0.363654,-0.314921,-0.605391,0.6341,-0.215564,0.628974,0.692769,-0.279278,0.0473682,-0.609807,0.747118,-0.260204,0.277155,-0.598638,-0.224581,0.717204,0.057217,0.721248,-0.0431559,-0.688959,0,0,0,0,-0.0260434,0.630664,0.740007,-0.232324,-0.263803,0.502245,-0.173928,0.804927,0.0824527,0.696307,0.0219147,0.712656,0,0,0,0,0.0143459,0.0204239,0.981268,-0.191025,0,0,0,0,0,0,0,0,0,0,0,0,0,0,0,0,
0.0131509,0.0179299,0.985002,-0.171102,0.0140367,0.017776,0.98499,-0.171118,0.014927,0.0218113,0.977439,-0.209559,0,0,0,0,-0.0221463,-0.6172,0.742183,-0.260266,-0.654749,0.626393,-0.416913,0.0715442,0.398695,-0.517851,0.610472,-0.447433,0.396705,-0.531502,0.554148,-0.503041,0.0408514,0.656599,0.71559,-0.234819,-0.687393,0.579409,0.416604,0.134972,0.349363,-0.322381,-0.592669,0.6502,-0.205635,0.616958,0.71132,-0.266647,0.0504183,-0.602883,0.753476,-0.257417,0.283803,-0.585215,-0.225484,0.725352,0.0453216,0.722428,-0.0305441,-0.689283,0,0,0,0,-0.0254273,0.637737,0.73449,-0.230584,-0.258945,0.502713,-0.168884,0.807283,0.0694563,0.696908,0.0184119,0.713551,0,0,0,0,0.0150561,0.020159,0.981585,-0.189362,0,0,0,0,0,0,0,0,0,0,0,0,0,0,0,0,
0.0104531,0.0181681,0.985837,-0.166394,0.0124434,0.0178321,0.985813,-0.16643,0.0144239,0.0214593,0.978418,-0.205013,0,0,0,0,-0.0179971,-0.635509,0.728462,-0.255239,-0.706445,0.606793,-0.363998,0.0155937,0.24023,-0.253815,0.670572,-0.654371,0.106935,-0.658041,0.723743,-0.178163,0.0353642,0.670597,0.704119,-0.230794,-0.686314,0.549766,0.468606,0.0844841,0.339913,-0.334472,-0.582542,0.658203,-0.195041,0.609171,0.713295,-0.286496,0.051156,-0.606827,0.751622,-0.253393,0.265302,-0.588251,-0.210148,0.734448,0.0415873,0.721995,-0.027011,-0.690119,0,0,0,0,-0.0306359,0.638301,0.734282,-0.229048,-0.238007,0.502504,-0.153068,0.816953,0.0641057,0.697738,0.0163549,0.713291,0,0,0,0,0.0145267,0.0196858,0.982504,-0.184629,0,0,0,0,0,0,0,0,0,0,0,0,0,0,0,0,
0.00714716,0.0151341,0.986395,-0.163538,0.0111422,0.0144716,0.986358,-0.163598,0.0158195,0.0206033,0.979247,-0.200997,0,0,0,0,-0.0194613,-0.627297,0.736312,-0.252912,-0.605832,0.567203,-0.536645,0.152518,0.38616,-0.524207,0.597251,-0.46838,0.411427,-0.499854,0.597341,-0.473347,0.0391563,0.656269,0.717918,-0.228848,-0.670771,0.472161,0.570498,0.0407651,0.372608,-0.424764,-0.525982,0.635674,-0.235474,0.612298,0.664828,-0.357277,0.0509605,-0.612991,0.747769,-0.249974,0.258768,-0.584764,-0.200447,0.742234,0.0412505,0.723026,-0.0267252,-0.68907,0,0,0,0,-0.0350904,0.634756,0.736995,-0.229546,-0.219977,0.56394,-0.119623,0.786939,0.0355831,0.697715,0.00723183,0.715454,0,0,0,0,0.0157519,0.0183693,0.982715,-0.183536,0,0,0,0,0,0,0,0,0,0,0,0,0,0,0,0,
0.00541497,0.0147686,0.990086,-0.139578,0.00923693,0.0142297,0.990058,-0.139634,0.0130973,0.0165208,0.984954,-0.171524,0,0,0,0,-0.0213105,0.711392,-0.67021,0.210441,-0.617829,0.587507,-0.499742,0.152907,0.289652,-0.425832,0.61078,-0.601429,0.164368,-0.507855,0.816373,-0.220457,-0.00423022,0.740115,0.645933,-0.187037,-0.671247,0.580326,0.444465,0.122883,0.375013,-0.375813,-0.550847,0.643971,-0.233452,0.615161,0.694231,-0.291753,0.0683106,-0.624372,0.740928,-0.237736,0.23386,-0.589532,-0.173854,0.75335,0.0429444,0.725891,-0.0318877,-0.685727,0,0,0,0,-0.0575849,0.633417,0.740367,-0.217541,-0.192467,0.587038,-0.0877607,0.781435,0.0586731,0.607747,0.0194931,0.79172,0,0,0,0,0.0131202,0.0146235,0.988321,-0.151114,0,0,0,0,0,0,0,0,0,0,0,0,0,0,0,0,
0.0114622,0.0169296,0.996716,-0.0783527,0.0117912,0.0169038,0.996712,-0.0783583,0.0105991,0.0172395,0.985631,-0.167699,0,0,0,0,-0.0328052,0.715675,-0.669643,0.195731,-0.649377,0.615796,-0.435579,0.0968251,0.391468,-0.501921,0.597883,-0.4872,0.37336,-0.512514,0.628937,-0.449856,-0.0191905,0.754022,0.633575,-0.172235,-0.676694,0.532975,0.501008,0.083743,0.37387,-0.389763,-0.545103,0.641224,-0.22461,0.623487,0.665638,-0.343133,0.1174,-0.621213,0.747579,-0.20356,0.161912,-0.700735,-0.0714194,0.691126,0.0373225,0.724985,-0.0323796,-0.68699,0,0,0,0,-0.0930303,0.66003,0.724135,-0.177014,-0.132626,0.683237,-0.00165634,0.718049,0.052838,0.696378,-8.92146e-005,0.715727,0,0,0,0,0.0111178,0.0164853,0.990979,-0.132531,0,0,0,0,0,0,0,0,0,0,0,0,0,0,0,0,
0.0111901,0.0127229,0.996617,-0.0804211,0.00966184,0.0128462,0.996633,-0.0804015,0.00762936,0.016308,0.98971,-0.141952,0,0,0,0,-0.0455167,0.710769,-0.677663,0.18305,0.715889,-0.646079,0.254555,0.0727067,-0.213669,0.196834,-0.686088,0.666997,0.119036,-0.602966,0.778833,-0.125222,-0.0366745,0.749193,0.640639,-0.164154,-0.671674,0.537777,0.499362,0.101427,0.379269,-0.389946,-0.532979,0.648098,-0.231746,0.624539,0.674449,-0.318377,0.114661,-0.624883,0.745164,-0.202746,-0.102831,0.709769,0.0445623,-0.695462,-0.0466729,-0.683056,0.0559866,0.726719,0,0,0,0,-0.0889415,0.659405,0.724985,-0.177965,-0.0663881,0.694526,0.00119929,0.716397,0.0149509,0.702433,0.0209851,0.711283,0,0,0,0,0.00781764,0.0144478,0.993473,-0.112875,0,0,0,0,0,0,0,0,0,0,0,0,0,0,0,0,
0.0127154,0.0094733,0.996807,-0.0782553,0.0130188,0.00944948,0.996803,-0.0782582,0.0128297,0.0090636,0.992241,-0.123333,0,0,0,0,-0.0659593,0.744275,-0.640922,0.17585,0.727485,-0.640102,0.226499,0.0986573,0.408282,-0.427936,0.619812,-0.515761,0.301712,-0.56261,0.713335,-0.289126,-0.0492493,0.769336,0.618643,-0.151584,-0.665186,0.543309,0.501252,0.105309,-0.510515,0.571845,0.431963,-0.475158,-0.303335,0.607132,0.64693,-0.347651,0.117503,-0.62665,0.74359,-0.201437,-0.0996519,0.710545,0.0394142,-0.695443,0.0325408,0.723152,-0.0458371,-0.688397,0,0,0,0,-0.0883766,0.659079,0.725798,-0.17613,-0.0615225,0.694353,0.00219029,0.716996,0.0145,0.679745,0.020889,0.733008,0,0,0,0,0.0130319,0.00896091,0.994571,-0.102853,0,0,0,0,0,0,0,0,0,0,0,0,0,0,0,0,
0.0141,0.00701412,0.997127,-0.0740854,0.0154207,0.00691599,0.997108,-0.0740946,0.0165072,0.00840472,0.992282,-0.122608,0,0,0,0,-0.0658874,0.744837,-0.641089,0.172862,0.714509,-0.644879,0.263351,0.0652238,0.416368,-0.500094,0.615716,-0.44434,0.457452,-0.437238,0.66297,-0.400039,-0.0436321,0.760469,0.631179,-0.146277,-0.683941,0.541423,0.465129,0.150803,0.392292,-0.365979,-0.55847,0.632674,-0.244475,0.623309,0.671684,-0.317109,0.121054,-0.629423,0.741331,-0.199001,-0.0903577,0.712187,0.0303394,-0.695489,0.0286779,0.725645,-0.0349934,-0.686581,0,0,0,0,-0.0895539,0.658587,0.726889,-0.172848,-0.0536999,0.694375,0.00527249,0.717587,0.0160201,0.67601,0.0199533,0.736448,0,0,0,0,0.0166935,0.00795894,0.994942,-0.0987291,0,0,0,0,0,0,0,0,0,0,0,0,0,0,0,0,
0.0105746,0.00571068,0.997686,-0.0669217,0.0153183,0.00539241,0.997624,-0.066948,0.0200189,0.00796561,0.992353,-0.121536,0,0,0,0,-0.0639297,0.718944,-0.670008,0.173557,0.745827,-0.616884,0.0436441,0.247573,0.39426,-0.381549,0.671152,-0.498533,0.26324,-0.601345,0.678681,-0.329365,-0.0367349,0.755946,0.639037,-0.137218,0.709046,-0.631659,-0.17508,-0.260015,-0.24088,0.192145,0.716639,-0.625688,-0.170043,0.628834,0.75244,-0.0974079,0.124989,-0.62902,0.742722,-0.192548,-0.0828796,0.710408,0.0222202,-0.69854,0.0271515,0.727937,-0.0372723,-0.684092,0,0,0,0,-0.0962399,0.66137,0.723882,-0.171237,-0.0440306,0.697789,0.0119103,0.71485,0.0123006,0.674762,0.0191026,0.737685,0,0,0,0,0.0202113,0.00722639,0.995426,-0.0930936,0,0,0,0,0,0,0,0,0,0,0,0,0,0,0,0,
0.0137094,0.00232016,0.998172,-0.0588209,0.0211245,0.00188312,0.998042,-0.0588365,0.0286581,0.00112171,0.995215,-0.0934022,0,0,0,0,-0.0929199,0.761503,-0.620479,0.162743,0.740219,-0.630079,0.0992884,0.212647,0.437628,-0.436367,0.627316,-0.473856,0.382002,-0.490266,0.706418,-0.338656,-0.0543989,0.784999,0.606282,-0.115061,0.704383,-0.6323,-0.174692,-0.271153,0.718532,-0.612107,-0.236046,0.230909,-0.213293,0.604106,0.765948,-0.0537213,0.133569,-0.6306,0.740858,-0.188764,-0.0756542,0.712866,0.0137788,-0.697072,0.0385642,0.730423,-0.0323496,-0.681137,0,0,0,0,-0.0991495,0.662722,0.723597,-0.165458,-0.0361555,0.696301,0.0166886,0.716645,0.0164319,0.719076,0.0188359,0.694482,0,0,0,0,0.028749,0.00130895,0.996695,-0.0759622,0,0,0,0,0,0,0,0,0,0,0,0,0,0,0,0,
0.0246521,1.92214e-005,0.998495,-0.0489829,0.0297796,-0.000232333,0.998356,-0.0489823,0.0350699,6.72771e-005,0.995795,-0.0846353,0,0,0,0,-0.104633,0.7747,-0.603028,0.158899,0.751989,-0.605818,0.0473277,0.255456,0.430773,-0.475817,0.64375,-0.416675,0.455685,-0.443028,0.65374,-0.410733,-0.0573361,0.788236,0.603801,-0.104024,0.714245,-0.634272,-0.179067,-0.235559,-0.455692,0.505534,0.59342,-0.42969,-0.495961,0.43953,0.65046,-0.371131,0.14808,-0.630179,0.738604,-0.188178,-0.0667741,0.721053,0.00517021,-0.689636,0.0384745,0.732869,-0.0338599,-0.678436,0,0,0,0,-0.0988339,0.666316,0.722777,-0.154428,-0.0301226,0.688838,0.0205393,0.723998,0.016029,0.6864,0.0200978,0.72677,0,0,0,0,0.0351054,-0.000161959,0.997103,-0.0674817,0,0,0,0,0,0,0,0,0,0,0,0,0,0,0,0,
0.0285013,-0.000809765,0.998615,-0.0442192,0.033815,-0.00104507,0.998449,-0.0442143,0.0393486,-0.000129363,0.995877,-0.0817393,0,0,0,0,-0.105795,0.784432,-0.591387,0.154058,0.747684,-0.625206,0.158574,0.157927,0.415605,-0.480664,0.643034,-0.427484,0.454592,-0.41944,0.681471,-0.391169,-0.0526345,0.787523,0.606622,-0.0951183,-0.639743,0.62725,0.440365,-0.058011,-0.42485,0.559777,0.568922,-0.427177,-0.508255,0.438938,0.653802,-0.348644,0.154233,-0.629899,0.737823,-0.187234,-0.061117,0.724165,0.000438347,-0.686914,0.0428975,0.73383,-0.0445884,-0.67651,0,0,0,0,-0.0996743,0.667927,0.722139,-0.149846,-0.0252619,0.686253,0.024198,0.726521,0.0162361,0.66751,0.0200545,0.744154,0,0,0,0,0.0393615,-0.000682153,0.997247,-0.0628431,0,0,0,0,0,0,0,0,0,0,0,0,0,0,0,0,
0.0287769,-0.00312565,0.998822,-0.0389408,0.0347076,-0.00335684,0.998634,-0.0389216,0.0410184,-0.00156884,0.996091,-0.0782215,0,0,0,0,-0.111567,0.788657,-0.58513,0.152302,0.742021,-0.627703,0.201057,0.12235,0.421443,-0.489491,0.636903,-0.420878,0.461433,-0.419861,0.688572,-0.369682,-0.0564661,0.793009,0.599857,-0.0901055,0.740437,-0.621432,-0.177557,-0.184524,-0.0247413,-0.0187253,0.761955,-0.646886,-0.0644705,0.697064,0.714104,0.000367852,0.158321,-0.63196,0.736066,-0.183758,-0.0581182,0.724465,-0.00372996,-0.686847,0.0261382,0.732527,-0.0560705,-0.677921,0,0,0,0,-0.102725,0.667615,0.722606,-0.146893,-0.0194658,0.686267,0.0270584,0.726586,-0.00543557,0.682737,0.0186224,0.730407,0,0,0,0,0.0409962,-0.00225169,0.997423,-0.0588309,0,0,0,0,0,0,0,0,0,0,0,0,0,0,0,0,
0.0330953,-0.00596625,0.998858,-0.0339267,0.0379106,-0.00612974,0.998687,-0.0338975,0.0432179,-0.00305659,0.99622,-0.0752964,0,0,0,0,-0.114908,0.791265,-0.581572,0.149897,0.734375,-0.62666,0.247521,0.0819981,0.378931,-0.462469,0.662201,-0.45169,0.418869,-0.391611,0.715533,-0.399001,-0.0571614,0.796191,0.596471,-0.0838716,0.718786,-0.632289,-0.149374,-0.247475,0.41182,-0.283266,-0.643192,0.580059,-0.304184,0.527516,0.751706,-0.253254,0.165091,-0.63352,0.733507,-0.18266,-0.0548382,0.72757,-0.00956733,-0.683771,0.0237774,0.736072,-0.0349314,-0.675583,0,0,0,0,-0.103226,0.667624,0.72347,-0.142176,-0.0132738,0.683244,0.0298358,0.72946,-0.00841235,0.680537,0.0239402,0.732274,0,0,0,0,0.0431334,-0.00415938,0.997568,-0.0545912,0,0,0,0,0,0,0,0,0,0,0,0,0,0,0,0,
0.0260677,-0.0064505,0.999121,-0.0321863,0.0329683,-0.00667266,0.998917,-0.032141,0.0404365,-0.00402359,0.996325,-0.075406,0,0,0,0,-0.109401,0.780467,-0.597554,0.147757,0.728356,-0.623854,0.277082,0.0594065,0.420466,-0.489725,0.635778,-0.423278,0.462122,-0.415435,0.692659,-0.36617,-0.0553689,0.791597,0.602596,-0.0847733,0.725929,-0.62174,-0.137996,-0.25966,-0.405028,0.387194,0.652026,-0.510779,-0.309214,0.490306,0.810892,-0.0802513,0.161448,-0.636119,0.733284,-0.177714,-0.053852,0.722815,-0.0102065,-0.688864,0.0203756,0.765501,-0.0402755,-0.64185,0,0,0,0,-0.108411,0.665615,0.724091,-0.144555,-0.00747415,0.688375,0.0338637,0.724525,-0.00164447,0.682412,0.0217833,0.730641,0,0,0,0,0.0403422,-0.00494969,0.997749,-0.0533412,0,0,0,0,0,0,0,0,0,0,0,0,0,0,0,0,
0.0247206,-0.0068476,0.999258,-0.0287446,0.0331632,-0.00709025,0.999013,-0.0286857,0.0422449,-0.00465163,0.99655,-0.0712832,0,0,0,0,-0.110561,0.784101,-0.593575,0.143635,0.723528,-0.62339,0.292891,0.0459067,0.365635,-0.455167,0.667647,-0.461932,0.4098,-0.378636,0.722564,-0.408167,-0.0549331,0.798878,0.594079,-0.0764666,0.734948,-0.611749,-0.108983,-0.271545,-0.236355,0.186326,0.748201,-0.591282,-0.173401,0.657218,0.73006,-0.0707748,0.162488,-0.637294,0.732803,-0.17451,-0.0510942,0.722115,-0.011026,-0.689796,0.0232518,0.734682,-0.0453615,-0.676494,0,0,0,0,-0.1111,0.666121,0.723528,-0.142993,-0.00365433,0.689313,0.037762,0.72347,-0.0126671,0.68046,0.0228288,0.73232,0,0,0,0,0.0421378,-0.00560975,0.997889,-0.0490896,0,0,0,0,0,0,0,0,0,0,0,0,0,0,0,0,
0.0328359,-0.00625417,0.999062,-0.0275183,0.0365993,-0.00635779,0.998931,-0.0274945,0.0408583,-0.00204912,0.996571,-0.0719224,0,0,0,0,-0.10419,0.768859,-0.614249,0.143869,0.726632,-0.622381,0.286434,0.0510162,0.418395,-0.482162,0.634951,-0.435089,0.447802,-0.420151,0.697938,-0.36855,-0.0501151,0.788375,0.60805,-0.078916,0.723536,-0.635417,-0.185996,-0.195313,0.720203,-0.638999,-0.207691,0.172779,-0.193061,0.486634,0.851921,0.0121085,0.168692,-0.635289,0.732212,-0.178371,-0.0479121,0.727997,-0.0135134,-0.683771,0.0278549,0.735754,-0.0395205,-0.675521,0,0,0,0,-0.107486,0.668298,0.722998,-0.1382,-0.00319527,0.683408,0.0387858,0.728999,0.0314244,0.694564,0.0305631,0.718094,0,0,0,0,0.0407034,-0.00409759,0.997947,-0.0492822,0,0,0,0,0,0,0,0,0,0,0,0,0,0,0,0,
0.0338493,-0.00572216,0.99909,-0.0253018,0.0368997,-0.00579939,0.998982,-0.0252842,0.0403854,-0.00168451,0.996698,-0.0704272,0,0,0,0,-0.102957,0.759395,-0.626218,0.143422,0.724781,-0.622732,0.290984,0.0471809,0.433647,-0.491034,0.622098,-0.428754,0.454732,-0.436104,0.691838,-0.352693,-0.0493156,0.782351,0.615819,-0.0791313,0.746664,-0.599916,-0.00324317,-0.287373,-0.441879,0.473863,0.638556,-0.415262,-0.523047,0.234942,0.803368,-0.160695,0.170199,-0.636305,0.731152,-0.177666,-0.0466695,0.728825,-0.0142809,-0.682958,0.047024,0.735676,-0.0507893,-0.673788,0,0,0,0,-0.108448,0.668178,0.723402,-0.135893,-0.00237773,0.682661,0.0401433,0.729628,0.117455,0.527292,0.0478786,0.840164,0,0,0,0,0.040233,-0.00379344,0.998053,-0.047499,0,0,0,0,0,0,0,0,0,0,0,0,0,0,0,0,
0.0345714,-0.00516512,0.999085,-0.0246253,0.0373198,-0.00523284,0.998987,-0.024611,0.0404439,-0.00139133,0.9968,-0.0689324,0,0,0,0,-0.0986075,0.75089,-0.637566,0.141245,0.725538,-0.62334,0.287259,0.0502446,0.422485,-0.481758,0.629072,-0.440095,0.43706,-0.43204,0.70398,-0.355996,-0.0448263,0.777448,0.622641,-0.0766979,0.74606,-0.598564,0.00225113,-0.291739,-0.441885,0.458591,0.643193,-0.425129,-0.442476,0.357417,0.794688,-0.211988,0.170593,-0.6366,0.730814,-0.17762,-0.0455381,0.729431,-0.0147957,-0.682376,0.0588073,0.712019,-0.0580118,-0.697284,0,0,0,0,-0.108428,0.668204,0.723603,-0.134703,-0.00190251,0.682133,0.041901,0.730024,0.0671649,0.554626,0.0226744,0.829074,0,0,0,0,0.0403071,-0.00340836,0.998117,-0.046109,0,0,0,0,0,0,0,0,0,0,0,0,0,0,0,0,
0.0320074,-0.00540384,0.999187,-0.0239233,0.0352535,-0.00548153,0.999077,-0.0239057,0.0388959,-0.00171408,0.996955,-0.0675709,0,0,0,0,-0.098869,0.745805,-0.643651,0.140407,0.726389,-0.623619,0.283884,0.0535507,0.432818,-0.487069,0.621509,-0.434924,0.446146,-0.44517,0.686535,-0.362556,-0.0474829,0.778323,0.621297,-0.0771277,0.741307,-0.600973,-0.0290318,-0.297411,-0.440657,0.458832,0.643021,-0.426403,-0.457699,0.359309,0.772396,-0.254585,0.1692,-0.637886,0.730467,-0.175756,-0.0474071,0.727525,-0.0131244,-0.684316,0.0421354,0.792977,-0.0530179,-0.605476,0,0,0,0,-0.110374,0.667155,0.724133,-0.135473,-0.00159568,0.683996,0.0422326,0.72826,0.00913667,0.62929,0.0212538,0.776827,0,0,0,0,0.038751,-0.00372559,0.99824,-0.0447424,0,0,0,0,0,0,0,0,0,0,0,0,0,0,0,0,
0.0307499,-0.00556344,0.99922,-0.0241567,0.0343005,-0.00564925,0.999104,-0.0241368,0.0382397,-0.00236472,0.997064,-0.0662968,0,0,0,0,-0.0954328,0.755832,-0.633531,0.135086,0.724445,-0.623006,0.291089,0.0480578,0.420235,-0.483954,0.63158,-0.436231,0.439726,-0.441071,0.682663,-0.382189,-0.0452838,0.784183,0.614571,-0.0728612,0.738727,-0.612673,-0.0574645,-0.274977,-0.055608,0.018388,0.791857,-0.607891,-0.1015,0.683738,0.72219,0.0253492,0.167897,-0.639155,0.729787,-0.175221,-0.0477509,0.726631,-0.0134136,-0.685235,0.064215,0.734626,-0.0722993,-0.671546,0,0,0,0,-0.110927,0.665916,0.725086,-0.136019,-4.06375e-005,0.684901,0.0430158,0.727366,0.0211917,0.616016,0.0232318,0.787106,0,0,0,0,0.0381019,-0.0041363,0.998298,-0.0439584,0,0,0,0,0,0,0,0,0,0,0,0,0,0,0,0,
0.0304464,-0.00590846,0.999237,-0.0237532,0.0345592,-0.00600619,0.999103,-0.0237286,0.0390736,-0.00304773,0.997107,-0.0651264,0,0,0,0,-0.095699,0.759945,-0.628877,0.133561,0.722442,-0.622774,0.29737,0.0424513,0.424349,-0.489161,0.628745,-0.430498,0.452503,-0.442925,0.665915,-0.394481,-0.0446089,0.787154,0.611146,-0.0699915,0.748991,-0.585116,0.00315773,-0.310873,-0.463661,0.478024,0.634951,-0.391599,-0.486567,0.442111,0.655228,-0.372112,0.167926,-0.639402,0.729706,-0.174628,-0.0476902,0.726414,-0.0136061,-0.685465,0.0472509,0.75892,-0.0559065,-0.647057,0,0,0,0,-0.111177,0.665897,0.725088,-0.1359,0.00025885,0.685107,0.0435289,0.72714,0.0269019,0.738329,0.0202508,0.6736,0,0,0,0,0.0389382,-0.00465021,0.998304,-0.0430205,0,0,0,0,0,0,0,0,0,0,0,0,0,0,0,0,
0.0306205,-0.00624122,0.999263,-0.0222715,0.0356211,-0.0063526,0.999098,-0.0222399,0.0410573,-0.0034569,0.997122,-0.0636374,0,0,0,0,-0.0987476,0.761924,-0.625925,0.133938,0.718199,-0.622541,0.309359,0.0304923,0.440516,-0.503233,0.616519,-0.41546,0.47472,-0.453393,0.646802,-0.388231,-0.0451166,0.788855,0.609214,-0.0673182,0.717035,-0.630631,-0.250195,-0.159896,-0.456522,0.513831,0.590093,-0.423504,-0.532436,0.40646,0.648913,-0.360853,0.168938,-0.639767,0.729388,-0.17364,-0.0468233,0.726591,-0.0137611,-0.685335,0.0648781,0.708822,-0.0703204,-0.698868,0,0,0,0,-0.111909,0.666052,0.725026,-0.13487,0.000913831,0.684961,0.0437597,0.727264,0.0343688,0.708898,0.0250813,0.704027,0,0,0,0,0.0409208,-0.00502036,0.998287,-0.0415039,0,0,0,0,0,0,0,0,0,0,0,0,0,0,0,0,
0.0330328,-0.0062223,0.999212,-0.0211229,0.0368609,-0.00630318,0.999078,-0.0210989,0.0410857,-0.00345791,0.997201,-0.0623656,0,0,0,0,-0.10195,0.763923,-0.622957,0.13399,0.712618,-0.621499,0.325046,0.0161525,0.424784,-0.495733,0.626221,-0.426209,0.460685,-0.445427,0.653338,-0.403129,-0.0482323,0.789027,0.608716,-0.0676436,0.745712,-0.614064,-0.0588361,-0.251748,-0.0331714,-0.0102652,0.79211,-0.60939,0.192643,0.623999,0.704907,-0.276803,0.171039,-0.639702,0.728831,-0.174163,-0.04569,0.728341,-0.0147228,-0.683532,0.0484043,0.768353,-0.0657094,-0.634801,0,0,0,0,-0.111175,0.666503,0.725112,-0.132764,0.000366397,0.683201,0.0440526,0.728901,0.0371649,0.680646,0.0274434,0.731154,0,0,0,0,0.0409515,-0.00500491,0.998344,-0.0400986,0,0,0,0,0,0,0,0,0,0,0,0,0,0,0,0,
0.0308727,-0.00668251,0.999303,-0.0198784,0.0347491,-0.00675957,0.999176,-0.0198523,0.0390502,-0.00366899,0.997417,-0.0601712,0,0,0,0,-0.106637,0.76831,-0.616768,0.133887,0.711526,-0.621694,0.327231,0.0120887,0.419153,-0.493106,0.630382,-0.428691,0.451079,-0.450854,0.648953,-0.414871,-0.0550511,0.785733,0.611867,-0.0721943,0.743232,-0.615617,-0.0507219,-0.256999,-0.0353268,-0.0134426,0.792634,-0.608525,0.22237,0.610265,0.693283,-0.312228,0.170576,-0.640802,0.728422,-0.172274,-0.046253,0.726808,-0.0147825,-0.685122,0.026562,0.731368,-0.0731986,-0.677523,0,0,0,0,-0.113392,0.665716,0.725399,-0.133271,0.00180111,0.684745,0.0444101,0.727427,0.0244719,0.681414,0.0273224,0.730978,0,0,0,0,0.0389141,-0.00518026,0.998478,-0.0387292,0,0,0,0,0,0,0,0,0,0,0,0,0,0,0,0,
0.0308155,-0.00716006,0.999291,-0.0204267,0.0361154,-0.00726831,0.999113,-0.0203884,0.0418894,-0.00465533,0.997291,-0.0602869,0,0,0,0,-0.107821,0.772382,-0.611268,0.134732,0.70922,-0.620362,0.334777,0.00908873,0.430619,-0.50134,0.62129,-0.420979,0.465424,-0.457243,0.637045,-0.410466,-0.0525824,0.78887,0.60845,-0.0686192,0.737994,-0.553347,0.0998923,-0.373087,-0.452539,0.464483,0.654607,-0.388527,-0.475036,0.444793,0.629008,-0.425263,0.170263,-0.641283,0.727996,-0.172592,-0.0472198,0.726679,-0.015242,-0.685183,0.0561648,0.784986,-0.0726509,-0.61267,0,0,0,0,-0.11306,0.665058,0.725973,-0.133712,0.00200476,0.684773,0.0440893,0.727418,0.0281889,0.657123,0.0281677,0.752729,0,0,0,0,0.04175,-0.00600962,0.998352,-0.0389202,0,0,0,0,0,0,0,0,0,0,0,0,0,0,0,0,
0.0307001,-0.00727784,0.999295,-0.0203464,0.0370552,-0.0074071,0.99908,-0.0202997,0.0439242,-0.00491102,0.997223,-0.0599437,0,0,0,0,-0.111927,0.772577,-0.60971,0.137299,0.710766,-0.620672,0.330636,0.0160795,0.400236,-0.479361,0.640481,-0.446998,0.441605,-0.427673,0.657062,-0.436292,-0.0540468,0.790523,0.606264,-0.0677945,0.730066,-0.538297,0.135632,-0.398553,-0.443656,0.45622,0.66584,-0.389474,-0.457877,0.452604,0.612741,-0.458309,0.170207,-0.641403,0.727946,-0.172415,-0.0474176,0.726582,-0.0153686,-0.685269,0.0607378,0.792542,-0.068142,-0.602947,0,0,0,0,-0.113115,0.664985,0.726034,-0.133696,0.00118549,0.684862,0.0437483,0.727357,0.0380685,0.686017,0.0289205,0.726013,0,0,0,0,0.0437852,-0.00623814,0.998276,-0.0385868,0,0,0,0,0,0,0,0,0,0,0,0,0,0,0,0,
0.0307618,-0.00777882,0.999285,-0.0205849,0.0360217,-0.00788707,0.999109,-0.0205437,0.0417807,-0.00554299,0.997302,-0.0601043,0,0,0,0,-0.113038,0.774709,-0.606907,0.136793,0.710186,-0.620304,0.332666,0.0138387,0.438715,-0.50545,0.614435,-0.417754,0.480401,-0.455495,0.626449,-0.411462,-0.057919,0.791127,0.60478,-0.0707378,0.742604,-0.617169,-0.043544,-0.256409,-0.0118183,-0.0274684,0.792506,-0.609131,0.212227,0.633574,0.699183,-0.254336,0.170175,-0.64161,0.727754,-0.172484,-0.0478289,0.726571,-0.0154104,-0.685251,0.060297,0.736275,-0.0624717,-0.671089,0,0,0,0,-0.112786,0.664733,0.726285,-0.133867,0.000454017,0.68481,0.0436116,0.727415,0.0394943,0.712498,0.0278169,0.70001,0,0,0,0,0.04163,-0.00681315,0.998359,-0.0387177,0,0,0,0,0,0,0,0,0,0,0,0,0,0,0,0,
0.0314176,-0.00832616,0.999246,-0.0212382,0.0363592,-0.0084311,0.999078,-0.0211967,0.0417954,-0.00673365,0.997221,-0.0613072,0,0,0,0,-0.113878,0.775622,-0.605307,0.138007,0.75745,-0.6087,0.0906862,0.218014,0.460784,-0.479988,0.626473,-0.405983,0.480988,-0.454512,0.63089,-0.405027,-0.0586007,0.791264,0.604383,-0.0720312,0.73287,-0.616431,-0.212076,-0.194776,-0.46193,0.492862,0.606229,-0.419754,-0.491808,0.452813,0.625274,-0.402638,0.170167,-0.641854,0.727395,-0.173102,-0.0488811,0.726915,-0.0156319,-0.684807,0.0455408,0.735969,-0.0558966,-0.673165,0,0,0,0,-0.111782,0.664454,0.72668,-0.133945,-0.000600236,0.684329,0.0434365,0.727879,0.0411718,0.713959,0.026883,0.698459,0,0,0,0,0.0416374,-0.00777453,0.998314,-0.0396919,0,0,0,0,0,0,0,0,0,0,0,0,0,0,0,0,
0.0321859,-0.00829156,0.999224,-0.0211333,0.0359166,-0.00837041,0.999097,-0.0211022,0.0401095,-0.00655111,0.9973,-0.061156,0,0,0,0,-0.118147,0.776804,-0.602702,0.139165,0.738449,-0.626708,0.235224,0.0812375,0.400346,-0.473735,0.651899,-0.436264,0.434342,-0.433136,0.657853,-0.437001,-0.0650263,0.79218,0.602058,-0.0758178,0.739049,-0.607377,-0.196664,-0.214994,-0.237187,0.176503,0.731896,-0.613936,-0.15554,0.663662,0.72003,-0.130069,0.170676,-0.641782,0.727255,-0.173449,-0.0504831,0.727308,-0.014558,-0.684297,0.0604157,0.866717,-0.0603061,-0.491441,0,0,0,0,-0.111406,0.664522,0.726768,-0.133443,-0.0017952,0.683779,0.0430504,0.728416,0.0403815,0.659571,0.0300679,0.749954,0,0,0,0,0.0399479,-0.00765475,0.998392,-0.0394811,0,0,0,0,0,0,0,0,0,0,0,0,0,0,0,0,
0.0317876,-0.00837259,0.999224,-0.0216841,0.0343794,-0.00842881,0.999138,-0.0216624,0.0374116,-0.00641315,0.997365,-0.0618316,0,0,0,0,-0.122093,0.775355,-0.603355,0.140995,0.744682,-0.616118,0.198713,0.162358,0.440161,-0.462786,0.628581,-0.443817,0.455721,-0.440315,0.643822,-0.428876,-0.0728897,0.795799,0.595741,-0.0805258,0.723387,-0.615948,-0.263792,-0.16653,-0.468051,0.504995,0.591508,-0.419554,-0.502935,0.457329,0.619013,-0.393358,0.170076,-0.641566,0.727585,-0.173454,-0.0522609,0.726873,-0.0135468,-0.684647,0.0435988,0.718575,-0.073473,-0.690182,0,0,0,0,-0.111137,0.664609,0.726632,-0.133977,-0.00316524,0.684079,0.0425919,0.728157,0.00175638,0.682048,0.0246756,0.730889,0,0,0,0,0.0372402,-0.0076247,0.998473,-0.0400854,0,0,0,0,0,0,0,0,0,0,0,0,0,0,0,0,
0.0323072,-0.00832529,0.999171,-0.0233087,0.0341515,-0.0083683,0.99911,-0.0232933,0.0364284,-0.00617039,0.99721,-0.0648686,0,0,0,0,-0.120547,0.77845,-0.599575,0.141401,0.744396,-0.618609,0.20895,0.139777,0.433518,-0.468519,0.631885,-0.439628,0.453354,-0.441515,0.645181,-0.428109,-0.0728129,0.799103,0.591101,-0.0820555,0.709955,-0.619174,-0.3043,-0.141379,0.68124,-0.645441,-0.23502,0.253149,-0.218778,0.45868,0.858446,-0.0694231,0.169098,-0.64117,0.727914,-0.174495,-0.054136,0.727059,-0.0131539,-0.684311,0.0564014,0.735165,-0.0465607,-0.673931,0,0,0,0,-0.10944,0.664632,0.72678,-0.134456,-0.0055461,0.683719,0.0418068,0.728526,0.0458635,0.726199,0.0232201,0.68556,0,0,0,0,0.0362417,-0.00757317,0.998405,-0.042614,0,0,0,0,0,0,0,0,0,0,0,0,0,0,0,0,
0.030962,-0.00812744,0.999195,-0.0241597,0.0340913,-0.00820307,0.999094,-0.0241342,0.0376823,-0.00678956,0.997097,-0.0658201,0,0,0,0,-0.122909,0.787857,-0.586677,0.141363,0.740349,-0.61729,0.244985,0.104018,0.425008,-0.466478,0.635811,-0.444422,0.452368,-0.434548,0.638134,-0.446448,-0.0728767,0.798463,0.59193,-0.0822496,0.73174,-0.617996,-0.0417767,-0.284415,-0.00269615,-0.0600065,0.797166,-0.600765,0.26757,0.608972,0.687853,-0.290548,0.167426,-0.641934,0.727647,-0.174409,-0.0576089,0.725819,-0.0113236,-0.685376,0.065496,0.751025,-0.058578,-0.654401,0,0,0,0,-0.109727,0.6637,0.727399,-0.135475,-0.00861354,0.684707,0.0409674,0.727615,0.0556714,0.730362,0.0351411,0.679881,0,0,0,0,0.0375023,-0.00797348,0.998326,-0.0433138,0,0,0,0,0,0,0,0,0,0,0,0,0,0,0,0,
0.0289548,-0.008205,0.999203,-0.0262152,0.0333969,-0.00832147,0.999065,-0.0261785,0.0383548,-0.00746313,0.99693,-0.0678547,0,0,0,0,-0.12552,0.792827,-0.578978,0.143018,0.733459,-0.617511,0.273644,0.0764032,0.449623,-0.490374,0.615123,-0.42308,0.471565,-0.46446,0.61871,-0.423203,-0.0744383,0.800773,0.588453,-0.0833346,0.728519,-0.621724,-0.170686,-0.231487,-0.428733,0.457155,0.629043,-0.459894,-0.423055,0.367763,0.797402,-0.223437,0.164605,-0.642122,0.728127,-0.174399,-0.0610592,0.724082,-0.00946649,-0.686941,0.0670627,0.739129,-0.0596748,-0.667556,0,0,0,0,-0.109309,0.662923,0.727774,-0.137589,-0.0135628,0.686151,0.0395332,0.726258,0.0569321,0.679431,0.0377214,0.730554,0,0,0,0,0.0381786,-0.00843276,0.998222,-0.044985,0,0,0,0,0,0,0,0,0,0,0,0,0,0,0,0,
0.0299164,-0.00898467,0.999109,-0.0283945,0.0359746,-0.00915669,0.998909,-0.0283395,0.0426486,-0.00882649,0.996618,-0.069681,0,0,0,0,-0.133914,0.794195,-0.573476,0.149818,0.725342,-0.616377,0.301399,0.0558412,0.430117,-0.481361,0.624058,-0.440275,0.456047,-0.451244,0.627724,-0.440866,-0.0769649,0.803717,0.584106,-0.0832814,0.736305,-0.608893,-0.176545,-0.236509,-0.200919,0.135024,0.747187,-0.61896,-0.125411,0.673978,0.715943,-0.132104,0.163883,-0.641954,0.728049,-0.176017,-0.0635995,0.724401,-0.00736026,-0.6864,0.0558515,0.734922,-0.0661653,-0.672602,0,0,0,0,-0.106941,0.662281,0.728561,-0.138369,-0.0194418,0.685388,0.0379266,0.726929,0.0604086,0.571799,0.0405111,0.817163,0,0,0,0,0.0424717,-0.0095759,0.997952,-0.046863,0,0,0,0,0,0,0,0,0,0,0,0,0,0,0,0,
0.0290197,-0.00925743,0.999053,-0.0310583,0.0369074,-0.00950238,0.998793,-0.0309843,0.0455076,-0.00911068,0.996371,-0.0713501,0,0,0,0,-0.135451,0.796484,-0.56906,0.153089,0.721444,-0.617736,0.310128,0.0417337,0.439846,-0.483561,0.61035,-0.447411,0.448361,-0.46613,0.638185,-0.417631,-0.0739703,0.799549,0.590058,-0.0841473,0.728621,-0.568751,0.0628239,-0.376414,-0.442871,0.474095,0.649712,-0.396199,-0.496291,0.405659,0.659363,-0.392909,0.161283,-0.642769,0.727637,-0.177144,-0.0711076,0.722899,-0.00305325,-0.687278,0.0584469,0.73703,-0.0586678,-0.670767,0,0,0,0,-0.105564,0.660552,0.729987,-0.140168,-0.0256532,0.685941,0.0356632,0.72633,0.063922,0.590599,0.0420679,0.803329,0,0,0,0,0.0453346,-0.00982912,0.99773,-0.048817,0,0,0,0,0,0,0,0,0,0,0,0,0,0,0,0,
0.0285897,-0.00734315,0.998982,-0.034112,0.0359908,-0.0075957,0.998743,-0.0340567,0.0441304,-0.00511277,0.996106,-0.0761577,0,0,0,0,-0.134018,0.794451,-0.571476,0.15589,-0.705404,0.626913,-0.330277,0.0173697,0.417387,-0.496267,0.632543,-0.423551,0.45462,-0.453759,0.636508,-0.426943,-0.0747422,0.801686,0.586458,-0.08821,0.711495,-0.632034,-0.215797,-0.218495,-0.456971,0.503123,0.589168,-0.43695,-0.501947,0.421557,0.668095,-0.35212,0.157999,-0.641892,0.728741,-0.17874,-0.0754868,0.722227,-0.000653952,-0.687524,0.0650172,0.736746,-0.063607,-0.670025,0,0,0,0,-0.103686,0.660601,0.729964,-0.141453,-0.0353185,0.685932,0.0318742,0.726109,0.0740205,0.597615,0.0475788,0.79694,0,0,0,0,0.0439303,-0.00699881,0.997619,-0.0526956,0,0,0,0,0,0,0,0,0,0,0,0,0,0,0,0,
0.0249702,-0.00715494,0.998886,-0.0394016,0.0335149,-0.00749176,0.998636,-0.039339,0.0428417,-0.00591987,0.995711,-0.0817887,0,0,0,0,-0.129233,0.804985,-0.557976,0.154792,0.731905,-0.621566,0.273649,0.0555712,0.43387,-0.484833,0.626741,-0.428824,0.460142,-0.456628,0.62205,-0.439105,-0.0712319,0.801184,0.587044,-0.0917071,0.705617,-0.634194,-0.243712,-0.201263,-0.434475,0.495494,0.598118,-0.456039,-0.482365,0.405888,0.687054,-0.361298,0.150498,-0.644952,0.727374,-0.179763,-0.0810858,0.718992,0.00478427,-0.690256,0.0650653,0.735856,-0.0601932,-0.671312,0,0,0,0,-0.101898,0.656693,0.732948,-0.145456,-0.04392,0.688197,0.0282931,0.723641,0.0656454,0.697118,0.0407166,0.712783,0,0,0,0,0.0426514,-0.00745154,0.997388,-0.0578125,0,0,0,0,0,0,0,0,0,0,0,0,0,0,0,0,
0.0253345,-0.00603021,0.998689,-0.0440709,0.0292264,-0.00620192,0.998583,-0.0440471,0.0337229,-0.00268134,0.995474,-0.0888114,0,0,0,0,-0.116817,0.793329,-0.577175,0.15444,0.719384,-0.622461,0.307225,0.0253473,0.433328,-0.491812,0.620215,-0.430908,0.459605,-0.463019,0.619052,-0.437208,-0.0725629,0.811754,0.571011,-0.0986738,0.732221,-0.601681,-0.130445,-0.291233,-0.329945,0.381191,0.703471,-0.500958,0.668945,-0.182839,-0.370075,0.618165,0.147512,-0.641839,0.730065,-0.182448,-0.0908274,0.718038,0.00794258,-0.690007,0.0677029,0.731693,-0.0571269,-0.675854,0,0,0,0,-0.0980561,0.658175,0.731665,-0.147839,-0.0537996,0.687318,0.0245708,0.723944,0.0684644,0.697233,0.0376394,0.712574,0,0,0,0,0.0335055,-0.00491058,0.997343,-0.0645035,0,0,0,0,0,0,0,0,0,0,0,0,0,0,0,0,
0.021909,-0.00412443,0.998816,-0.0432315,0.0278706,-0.00438241,0.998668,-0.0432061,0.034483,-0.000781244,0.995754,-0.0853441,0,0,0,0,-0.130265,0.788372,-0.579407,0.160591,0.726732,-0.627362,0.274889,0.0521022,0.41167,-0.474341,0.635094,-0.449649,0.438872,-0.44366,0.636489,-0.453254,-0.0842975,0.805418,0.577215,-0.104972,0.710752,-0.630192,-0.239923,-0.200315,-0.447552,0.511139,0.594906,-0.429559,-0.509055,0.419247,0.655586,-0.367835,0.145696,-0.640205,0.732444,-0.180101,-0.0989546,0.714753,0.0121897,-0.692234,0.0680326,0.732848,-0.0534196,-0.674871,0,0,0,0,-0.100824,0.659902,0.729504,-0.148956,-0.0645147,0.688826,0.023318,0.721674,0.0724455,0.665834,0.0443596,0.741248,0,0,0,0,0.0343158,-0.00300353,0.997448,-0.0625301,0,0,0,0,0,0,0,0,0,0,0,0,0,0,0,0,
0.0207296,-0.00250763,0.998396,-0.0526243,0.0286023,-0.00292254,0.998202,-0.0526028,0.0371558,0.0011959,0.994095,-0.101944,0,0,0,0,-0.109375,0.778678,-0.594386,0.16853,0.731335,-0.631834,0.250974,0.0542898,0.43018,-0.495029,0.627338,-0.419926,0.459945,-0.465222,0.616994,-0.437422,-0.0587045,0.786619,0.604243,-0.112581,0.716774,-0.622609,-0.224002,-0.220037,-0.432188,0.462181,0.615169,-0.470286,-0.406589,0.417158,0.775563,-0.243241,0.137996,-0.638679,0.733957,-0.185347,-0.113281,0.711841,0.0192323,-0.692878,0.0777351,0.726274,-0.0564367,-0.68066,0,0,0,0,-0.0953882,0.657729,0.730997,-0.154718,-0.0793795,0.688139,0.018489,0.720987,0.0809048,0.660548,0.0464051,0.744968,0,0,0,0,0.0369977,-0.00126268,0.99645,-0.075605,0,0,0,0,0,0,0,0,0,0,0,0,0,0,0,0,
0.019965,-0.00236618,0.998032,-0.0594043,0.0271275,-0.00279248,0.997862,-0.0593858,0.0349192,0.000816867,0.993923,-0.104391,0,0,0,0,-0.104701,0.780432,-0.592652,0.169492,0.747416,-0.625243,0.174675,0.141171,0.440647,-0.480775,0.626161,-0.427327,0.455183,-0.467098,0.614691,-0.443602,-0.0568209,0.784202,0.606517,-0.118047,0.723221,-0.606676,-0.0567649,-0.325075,-0.423363,0.454967,0.647107,-0.441613,-0.395843,0.422445,0.774725,-0.254264,0.132664,-0.63647,0.73607,-0.188433,0.127871,-0.695901,-0.0296618,0.706039,0.0914883,0.733013,-0.0579839,-0.671535,0,0,0,0,-0.0904863,0.657453,0.730976,-0.158879,-0.0933468,0.687051,0.0143588,0.720446,0.0932301,0.680202,0.0445579,0.725705,0,0,0,0,0.0347631,-0.00140565,0.996161,-0.080335,0,0,0,0,0,0,0,0,0,0,0,0,0,0,0,0,
0.0217139,-0.00378499,0.997589,-0.0658116,0.0289104,-0.00425969,0.997406,-0.0657826,0.0367773,-0.00120478,0.993489,-0.107824,0,0,0,0,-0.110046,0.780162,-0.589912,0.176753,-0.620999,0.623967,-0.460699,0.113058,0.376231,-0.525337,0.588238,-0.486258,0.507597,-0.334603,0.706489,-0.362297,-0.0591159,0.784583,0.604904,-0.122576,0.725659,-0.607099,-0.087112,-0.311867,-0.247123,0.213311,0.749898,-0.575396,-0.137629,0.693106,0.691354,-0.150637,0.1288,-0.635988,0.736189,-0.192238,0.140677,-0.667994,-0.0438901,0.729429,0.0933161,0.732379,-0.066535,-0.671183,0,0,0,0,-0.083763,0.655882,0.732669,-0.161242,-0.107991,0.684038,0.0076006,0.721368,0.0992956,0.691271,0.0419513,0.71451,0,0,0,0,0.0366133,-0.00312031,0.99572,-0.0847985,0,0,0,0,0,0,0,0,0,0,0,0,0,0,0,0,
0.0163454,-0.00422182,0.997131,-0.0737925,0.0286114,-0.00512934,0.996854,-0.073735,0.0418169,-0.00351318,0.99242,-0.115501,0,0,0,0,-0.116912,0.786459,-0.577188,0.186194,-0.704068,0.628185,-0.331168,0.000334478,0.424337,-0.498484,0.615608,-0.438724,0.475653,-0.427544,0.654519,-0.403194,-0.0586829,0.790019,0.597368,-0.124813,0.723112,-0.531063,0.119022,-0.425342,-0.462567,0.480297,0.653239,-0.358643,-0.472334,0.481804,0.610644,-0.414583,0.117374,-0.637115,0.737102,-0.192322,0.149974,-0.638553,-0.0616128,0.752304,0.0973158,0.732955,-0.0621083,-0.67041,0,0,0,0,-0.0794167,0.65342,0.734002,-0.167259,-0.126226,0.664676,-0.000299555,0.736391,0.107069,0.695724,0.0415956,0.709065,0,0,0,0,0.0416695,-0.00499097,0.994834,-0.0924304,0,0,0,0,0,0,0,0,0,0,0,0,0,0,0,0,
0.0146616,-0.00319271,0.996925,-0.076911,0.028015,-0.00422271,0.996639,-0.0768613,0.0423338,-0.0030086,0.99237,-0.115764,0,0,0,0,-0.117631,0.794451,-0.56629,0.185272,0.73898,-0.631201,0.215625,0.094869,0.442516,-0.495683,0.618992,-0.418722,0.46843,-0.467111,0.617371,-0.425715,-0.058604,0.788846,0.598653,-0.126103,0.716591,-0.6044,-0.0196897,-0.347579,-0.0597026,0.0629148,0.79776,-0.596705,-0.0542387,0.72879,0.682569,0.00472953,0.114999,-0.634983,0.738893,-0.193931,0.159422,-0.61341,-0.0730182,0.770053,0.0994015,0.732969,-0.0629546,-0.67001,0,0,0,0,-0.0792016,0.652626,0.734007,-0.170413,-0.14183,0.610003,-0.0144567,0.779469,0.114589,0.691532,0.0429451,0.711905,0,0,0,0,0.0422151,-0.00435298,0.994684,-0.0938195,0,0,0,0,0,0,0,0,0,0,0,0,0,0,0,0,
0.0156221,-0.00176976,0.995907,-0.0890051,0.0266128,-0.00275199,0.995674,-0.0889802,0.038415,0.00115282,0.988979,-0.142983,0,0,0,0,-0.0662728,0.747229,-0.631438,0.196322,0.749002,-0.622844,0.11777,0.192851,0.466001,-0.487261,0.610402,-0.415728,0.475855,-0.476501,0.607567,-0.421156,-0.0119469,0.753702,0.641785,-0.141075,0.723063,-0.608186,-0.0591708,-0.322162,-0.106953,0.093325,0.786578,-0.600955,-0.0716835,0.724979,0.683929,-0.0388443,0.10752,-0.629703,0.742453,-0.201684,0.166439,-0.566252,-0.0925131,0.801934,0.113043,0.731137,-0.0669879,-0.669457,0,0,0,0,-0.0699544,0.652602,0.733392,-0.177069,-0.153369,0.584735,-0.0257379,0.796179,0.113652,0.728939,0.0390386,0.673949,0,0,0,0,0.0381992,-0.00133374,0.99257,-0.115518,0,0,0,0,0,0,0,0,0,0,0,0,0,0,0,0,
0.0139638,0.000617602,0.995548,-0.0932078,0.0260822,-0.000517122,0.995305,-0.0932084,0.0388774,0.00132452,0.989463,-0.139465,0,0,0,0,-0.0842385,0.777536,-0.591758,0.195358,0.752516,-0.61809,0.169724,0.151251,0.449768,-0.470806,0.626156,-0.428927,0.445718,-0.47959,0.607224,-0.45012,-0.0295574,0.760425,0.632015,-0.146413,0.728059,-0.606599,-0.0824364,-0.308501,-0.114251,0.0981759,0.783814,-0.602449,-0.0623606,0.763494,0.639552,-0.0645117,0.102166,-0.62859,0.743746,-0.20317,0.177354,-0.561504,-0.103534,0.801586,0.107415,0.732511,-0.0610053,-0.669453,0,0,0,0,-0.0681696,0.651435,0.733996,-0.179541,-0.163923,0.547944,-0.039806,0.81933,0.110806,0.661935,0.0498995,0.739645,0,0,0,0,0.0387983,-0.000317703,0.992654,-0.114601,0,0,0,0,0,0,0,0,0,0,0,0,0,0,0,0,
0.010285,0.00214282,0.994766,-0.101642,0.0176532,0.00138987,0.994662,-0.101655,0.0256331,0.00436019,0.989062,-0.145194,0,0,0,0,-0.0753274,0.75628,-0.618966,0.198108,0.739149,-0.579177,-0.0885696,0.332216,0.469249,-0.458439,0.63433,-0.408979,0.458325,-0.476335,0.61438,-0.43079,-0.0401619,0.801257,0.578624,-0.14686,0.726057,-0.542991,0.0666076,-0.416611,-0.465409,0.480475,0.651277,-0.358297,-0.522738,0.4178,0.631728,-0.391291,0.0926249,-0.626045,0.746499,-0.205492,0.189389,-0.571437,-0.114923,0.79018,0.113138,0.727051,-0.0692185,-0.673651,0,0,0,0,-0.0636212,0.650782,0.733467,-0.185638,-0.174956,0.495086,-0.0588571,0.849009,0.116274,0.677968,0.0476429,0.724272,0,0,0,0,0.0254855,0.00226551,0.992195,-0.122042,0,0,0,0,0,0,0,0,0,0,0,0,0,0,0,0,
0.00789448,0.00748716,0.993726,-0.111307,0.0176447,0.00639463,0.993601,-0.111375,0.028287,0.0132423,0.986362,-0.161598,0,0,0,0,-0.0533133,0.742437,-0.634657,0.20774,0.749558,-0.615071,0.08486,0.229456,0.472701,-0.460143,0.615486,-0.431276,0.458726,-0.475252,0.626395,-0.413925,-0.0147445,0.756826,0.631921,-0.166349,0.732373,-0.55188,0.0063733,-0.398771,-0.467294,0.46344,0.65644,-0.368709,-0.417007,0.542516,0.598175,-0.417096,0.0828563,-0.622095,0.749509,-0.210641,0.19941,-0.574368,-0.125837,0.783902,0.114822,0.729696,-0.069573,-0.670462,0,0,0,0,-0.0594751,0.650193,0.732712,-0.191951,-0.182272,0.468624,-0.0745318,0.86117,0.120842,0.692794,0.0475393,0.709347,0,0,0,0,0.0280774,0.00957136,0.990286,-0.135848,0,0,0,0,0,0,0,0,0,0,0,0,0,0,0,0,
0.00449799,0.00802357,0.993239,-0.11572,0.0151296,0.00678441,0.993134,-0.1158,0.0267055,0.0126123,0.986656,-0.160116,0,0,0,0,-0.0642642,0.747659,-0.626477,0.210721,0.740593,-0.626629,0.0493561,0.237533,0.329129,-0.242762,0.709254,-0.574194,0.210294,-0.632543,0.709341,-0.229132,-0.0278716,0.775024,0.608968,-0.166492,0.722812,-0.611546,-0.115938,-0.300187,-0.311533,0.299544,0.71351,-0.551474,-0.191483,0.632985,0.737005,-0.139599,0.077283,-0.620178,0.751567,-0.211078,0.209394,-0.575588,-0.13998,0.777983,0.119994,0.727542,-0.0693905,-0.671914,0,0,0,0,-0.0580625,0.64952,0.73233,-0.196074,-0.197386,0.463606,-0.0851766,0.859566,0.143439,0.735721,0.0384169,0.660805,0,0,0,0,0.0264948,0.00917222,0.990274,-0.136275,0,0,0,0,0,0,0,0,0,0,0,0,0,0,0,0,
-0.00547553,0.0100493,0.991937,-0.126211,0.00395078,0.00884953,0.991945,-0.126301,0.0140233,0.0130538,0.984437,-0.17469,0,0,0,0,-0.0382723,0.719138,-0.659344,0.215967,0.737083,-0.643996,0.118483,0.167153,0.438833,-0.488069,0.610729,-0.442971,0.47553,-0.428472,0.661395,-0.390947,-0.0187313,0.770545,0.610556,-0.18202,0.731094,-0.612477,-0.192655,-0.230775,0.594699,-0.430847,-0.482859,0.477023,0.617976,-0.394667,-0.462417,0.498512,0.0629124,-0.617163,0.755114,-0.212025,0.221657,-0.576522,-0.151775,0.771657,0.133621,0.717829,-0.0783732,-0.678767,0,0,0,0,-0.0570309,0.647889,0.730688,-0.207564,-0.207202,0.464702,-0.0925843,0.85589,0.147463,0.729918,0.0398359,0.666249,0,0,0,0,0.013895,0.0104422,0.98854,-0.149953,0,0,0,0,0,0,0,0,0,0,0,0,0,0,0,0,
-0.0151169,0.0139318,0.99071,-0.134425,-0.00324745,0.0123204,0.99082,-0.134583,0.00920884,0.0150623,0.984139,-0.17652,0,0,0,0,-0.0373481,0.714174,-0.663448,0.219992,0.647285,-0.52696,-0.251823,0.489817,0.474334,-0.450028,0.645584,-0.394594,0.462517,-0.465123,0.647537,-0.387859,-0.0250519,0.762227,0.616991,-0.194179,0.720452,-0.615309,-0.272383,-0.167781,-0.317684,0.353499,0.676898,-0.562072,-0.182068,0.599025,0.756674,-0.188322,0.0492128,-0.613762,0.759021,-0.211569,0.23823,-0.576107,-0.169126,0.763377,0.133333,0.715693,-0.077891,-0.681131,0,0,0,0,-0.0577174,0.646364,0.729291,-0.216834,-0.223208,0.467327,-0.103751,0.849129,0.149676,0.749737,0.0363536,0.643561,0,0,0,0,0.00913021,0.0127626,0.987929,-0.154113,0,0,0,0,0,0,0,0,0,0,0,0,0,0,0,0,
0.0198668,0.00810905,0.983471,-0.179789,0.0222686,0.00766994,0.98342,-0.179808,0.0249904,0.0102702,0.978983,-0.202144,0,0,0,0,-0.0373194,0.726323,-0.641221,0.244742,0.707718,-0.550963,-0.174291,0.406445,0.472203,-0.461115,0.637551,-0.397398,0.450602,-0.493703,0.614845,-0.418546,-0.00231953,0.722869,0.656511,-0.215519,0.725,-0.619606,-0.239975,-0.181317,-0.299873,0.336657,0.690127,-0.566095,-0.150459,0.682766,0.695869,-0.164191,0.048609,-0.59423,0.759543,-0.260045,0.269576,-0.546388,-0.220388,0.76172,0.170329,0.717988,-0.058849,-0.672323,0,0,0,0,-0.00446797,0.63944,0.733843,-0.229281,-0.275453,0.489416,-0.162903,0.811209,0.156665,0.748476,0.0381591,0.643261,0,0,0,0,0.0250901,0.00901754,0.983668,-0.178009,0,0,0,0,0,0,0,0,0,0,0,0,0,0,0,0,
0.000532468,0.0214443,0.981416,-0.19069,0.00497787,0.0205803,0.981403,-0.190785,0.0096315,0.0235214,0.974409,-0.223342,0,0,0,0,-0.00253355,0.693518,-0.673717,0.25521,0.735048,-0.649324,0.0778593,0.178945,0.352631,-0.327579,0.668003,-0.567552,0.25198,-0.535004,0.78984,-0.162575,0.0096793,0.736774,0.63474,-0.232755,0.742696,-0.600677,-0.169492,-0.242616,-0.31138,0.327276,0.714128,-0.534746,-0.147909,0.714355,0.644146,-0.22999,0.0191852,-0.603364,0.754288,-0.258134,0.350545,-0.536413,-0.285954,0.712468,0.119903,0.716107,-0.0480171,-0.685936,0,0,0,0,-0.0163948,0.62551,0.740805,-0.244288,-0.373636,0.456547,-0.217205,0.777678,0.127793,0.695943,0.0386552,0.705577,0,0,0,0,0.00968957,0.0214593,0.979203,-0.201514,0,0,0,0,0,0,0,0,0,0,0,0,0,0,0,0,
-0.00918771,0.0242137,0.981099,-0.191766,-0.00104221,0.0226208,0.981141,-0.19196,0.00747263,0.0251552,0.973901,-0.225452,0,0,0,0,-0.0176321,-0.669021,0.689154,-0.277788,-0.662871,0.635002,-0.387732,0.0838986,0.420469,-0.504787,0.552769,-0.512682,0.430481,-0.439036,0.710815,-0.341578,0.0108893,0.734703,0.635579,-0.236923,0.706561,-0.60068,-0.00280261,-0.374096,-0.0179148,0.0120905,0.809612,-0.586568,-0.0545614,0.711492,0.69975,0.0339431,0.0171812,-0.592096,0.764063,-0.255608,0.354447,-0.5374,-0.291254,0.70763,0.116029,0.714352,-0.0476058,-0.688457,0,0,0,0,-0.0223139,0.635093,0.729865,-0.251905,-0.387314,0.450269,-0.220366,0.773747,0.126309,0.698047,0.038729,0.703759,0,0,0,0,0.00746593,0.022896,0.978448,-0.205084,0,0,0,0,0,0,0,0,0,0,0,0,0,0,0,0,
0.00508012,0.0189619,0.97927,-0.201607,0.0161303,0.0166857,0.97915,-0.201808,0.0270351,0.0159445,0.969718,-0.242202,0,0,0,0,-0.0246709,-0.650602,0.700066,-0.293285,-0.636299,0.579588,-0.486729,0.149316,0.418724,-0.514797,0.569961,-0.484559,0.445095,-0.463864,0.64827,-0.408005,0.0597403,0.658721,0.703946,-0.258803,0.712115,-0.628204,-0.193157,-0.246864,-0.379395,0.453072,0.64702,-0.48182,-0.300749,0.49613,0.773924,-0.253866,0.0176484,-0.597963,0.755198,-0.267963,0.374553,-0.520126,-0.313212,0.700769,-0.212364,-0.613577,0.123832,0.750393,0,0,0,0,-0.00674451,0.622556,0.741455,-0.250247,-0.406218,0.45201,-0.2394,0.757206,0.133316,0.686821,0.0446756,0.713097,0,0,0,0,0.0272441,0.01483,0.974889,-0.220519,0,0,0,0,0,0,0,0,0,0,0,0,0,0,0,0,
0.017266,0.0159637,0.978464,-0.205073,0.0225126,0.0148638,0.978357,-0.205156,0.0275229,0.0152981,0.969184,-0.244315,0,0,0,0,-0.0308122,-0.640296,0.710013,-0.291468,-0.641211,0.588497,-0.473423,0.13561,0.419408,-0.516927,0.554302,-0.499631,0.438524,-0.468265,0.65429,-0.40041,0.064271,0.595189,0.752876,-0.27349,0.6926,-0.638808,-0.177037,-0.284407,-0.334532,0.337438,0.667116,-0.573741,-0.200152,0.604153,0.733021,-0.24004,0.0240899,-0.61009,0.740822,-0.279986,0.385365,-0.511539,-0.317164,0.699449,-0.211655,-0.615858,0.118588,0.749572,0,0,0,0,-0.00196161,0.611719,0.751,-0.248586,-0.407155,0.453965,-0.244524,0.753889,0.137608,0.688456,0.0451816,0.71067,0,0,0,0,0.0276755,0.0140827,0.974224,-0.223437,0,0,0,0,0,0,0,0,0,0,0,0,0,0,0,0,
0.0279497,0.0125853,0.977803,-0.207274,0.0311077,0.0119158,0.977707,-0.207314,0.0341048,0.0131405,0.969006,-0.244318,0,0,0,0,-0.03233,-0.631103,0.718591,-0.29033,-0.687691,0.609202,-0.39001,0.0620252,0.390199,-0.430982,0.586049,-0.564399,0.298048,-0.533182,0.73256,-0.300399,0.0754366,0.571432,0.772231,-0.267271,0.683613,-0.648263,-0.164586,-0.292131,-0.121941,0.127604,0.732366,-0.657638,0.0363162,0.632819,0.738748,-0.22907,0.0288582,-0.610045,0.738559,-0.285556,0.403678,-0.523152,-0.31375,0.681848,0.128107,0.724044,-0.0655498,-0.674576,0,0,0,0,0.00709021,0.605865,0.757166,-0.244084,-0.412508,0.452482,-0.255202,0.748311,0.142954,0.683878,0.0443474,0.714079,0,0,0,0,0.0342114,0.0118379,0.97387,-0.224203,0,0,0,0,0,0,0,0,0,0,0,0,0,0,0,0,
0.029931,0.0135214,0.977527,-0.208236,0.0411793,0.0111239,0.977118,-0.208377,0.0524551,0.0100655,0.968197,-0.244422,0,0,0,0,-0.0217427,-0.632736,0.713846,-0.299327,-0.670438,0.63744,-0.370652,0.0824677,0.378444,-0.455868,0.591156,-0.547265,0.322506,-0.449693,0.790389,-0.262777,0.092636,0.555701,0.785226,-0.256971,0.655821,-0.641381,-0.0851249,-0.388951,-0.29078,0.2688,0.704406,-0.589072,-0.154567,0.678147,0.691099,-0.196491,0.0299058,-0.604953,0.742314,-0.286543,0.406224,-0.51111,-0.329313,0.68213,0.122611,0.734488,-0.0440731,-0.665997,0,0,0,0,0.00996359,0.607008,0.756571,-0.242986,-0.426618,0.452713,-0.260304,0.738437,0.129069,0.674399,0.0480499,0.725409,0,0,0,0,0.0526848,0.00911616,0.972963,-0.224688,0,0,0,0,0,0,0,0,0,0,0,0,0,0,0,0,
0.0303747,0.0117353,0.976937,-0.21103,0.0397699,0.00970503,0.9766,-0.211133,0.0491332,0.00877616,0.967438,-0.248138,0,0,0,0,-0.0314189,-0.607911,0.736907,-0.293982,0.725183,-0.663884,0.157967,0.0917255,0.0137248,0.036237,0.728267,-0.684197,0.00442018,-0.691723,0.720008,-0.0555732,0.0989381,0.54021,0.796509,-0.252901,0.652187,-0.653641,-0.113824,-0.366674,-0.383401,0.493708,0.611614,-0.484959,-0.362521,0.44973,0.753887,-0.313011,0.0290177,-0.602949,0.743459,-0.287887,0.415017,-0.517899,-0.324544,0.673954,0.114493,0.733922,-0.0557414,-0.66719,0,0,0,0,0.0133503,0.606691,0.756292,-0.24448,-0.4296,0.455625,-0.266551,0.732666,0.132015,0.675451,0.0503434,0.723743,0,0,0,0,0.0493502,0.00790967,0.972362,-0.228068,0,0,0,0,0,0,0,0,0,0,0,0,0,0,0,0,
0.0259257,0.0106081,0.977397,-0.209548,0.0351735,0.00862465,0.977108,-0.209639,0.0446745,0.00868907,0.968233,-0.245874,0,0,0,0,-0.0241373,-0.59098,0.747184,-0.303111,0.723212,-0.667016,0.137557,0.114593,0.0424371,0.00154671,0.730038,-0.682086,-0.00311415,0.718335,-0.691182,0.0790733,0.0895038,0.569037,0.776296,-0.256028,0.646684,-0.639617,-0.107401,-0.401442,-0.402254,0.48024,0.616519,-0.476933,-0.357624,0.505777,0.696198,-0.362772,0.034226,-0.591809,0.752932,-0.285805,0.406281,-0.502753,-0.339582,0.683271,0.22482,0.717321,-0.0862414,-0.653812,0,0,0,0,0.0101178,0.615671,0.748036,-0.247568,-0.443583,0.452645,-0.265413,0.726569,0.129837,0.680704,0.0550829,0.718854,0,0,0,0,0.0447584,0.00743978,0.973051,-0.226082,0,0,0,0,0,0,0,0,0,0,0,0,0,0,0,0,
0.0272433,0.0158342,0.972456,-0.230947,0.0208178,0.0173597,0.972615,-0.230837,0.0135155,0.0208898,0.962156,-0.27136,0,0,0,0,-0.0726653,-0.484702,0.817615,-0.302141,-0.693878,0.667301,-0.270624,0.00226795,0.320411,-0.399012,0.637168,-0.576319,0.212083,-0.500202,0.809526,-0.222456,0.0982916,0.554706,0.778849,-0.275741,0.678394,-0.647875,-0.219131,-0.268367,-0.401002,0.508516,0.603697,-0.464929,-0.445623,0.394791,0.733599,-0.327706,0.0175868,-0.579911,0.757888,-0.298329,0.416334,-0.500773,-0.345947,0.675435,0.222909,0.704782,-0.0943576,-0.666851,0,0,0,0,0.0283727,0.615344,0.74426,-0.258117,-0.451156,0.455011,-0.278237,0.715547,0.120681,0.693672,0.0504841,0.708313,0,0,0,0,0.0141613,0.0223557,0.964912,-0.261238,0,0,0,0,0,0,0,0,0,0,0,0,0,0,0,0,
0.0329855,0.0177139,0.971518,-0.233987,0.0302453,0.0183738,0.971608,-0.233936,0.026441,0.0196784,0.961592,-0.272497,0,0,0,0,-0.0554781,-0.499808,0.804847,-0.315176,0.717939,-0.674491,0.105736,0.13581,0.0423073,-0.0133391,0.729851,-0.682165,0.00965974,-0.672859,0.737025,-0.0629502,0.0987925,0.548449,0.782479,-0.277796,0.679929,-0.649667,-0.172151,-0.293245,-0.402848,0.509896,0.605557,-0.45937,-0.392741,0.466756,0.723933,-0.322202,0.0179495,-0.577584,0.757885,-0.302796,0.421489,-0.500044,-0.355354,0.667852,0.225883,0.709476,-0.0957495,-0.660645,0,0,0,0,0.034757,0.615448,0.744565,-0.256201,-0.461325,0.451707,-0.285079,0.708428,0.144764,0.682766,0.0616947,0.713489,0,0,0,0,0.0271102,0.0206132,0.965702,-0.257411,0,0,0,0,0,0,0,0,0,0,0,0,0,0,0,0,
0.0397466,0.0173917,0.970773,-0.236047,0.0349888,0.0185482,0.970956,-0.235959,0.029335,0.0217671,0.961301,-0.273068,0,0,0,0,-0.0492161,-0.487729,0.811634,-0.317724,0.691497,-0.688295,0.0302296,0.217182,0.0400057,0.102613,0.74249,-0.660741,-0.265085,-0.573321,0.687291,-0.358698,0.0970109,0.5373,0.790416,-0.277739,-0.632528,0.7053,0.281661,0.152079,-0.40429,0.61382,0.534482,-0.417257,-0.51554,0.277858,0.753093,-0.299773,0.0218736,-0.575337,0.757482,-0.307784,0.428791,-0.513054,-0.348193,0.65702,0.142168,0.722119,-0.0711562,-0.673253,0,0,0,0,0.0407711,0.615756,0.744728,-0.254091,-0.464973,0.452593,-0.288041,0.704268,0.156645,0.968809,-0.0316948,0.189387,0,0,0,0,0.0297638,0.0213612,0.966268,-0.254918,0,0,0,0,0,0,0,0,0,0,0,0,0,0,0,0,
0.0410275,0.0136129,0.97191,-0.23135,0.0357722,0.0148635,0.972117,-0.231273,0.0303401,0.0211401,0.961744,-0.271442,0,0,0,0,-0.0408679,-0.495911,0.803652,-0.326415,0.699718,-0.677113,0.0266901,0.226273,0.107745,-0.0794975,0.731179,-0.668916,0.0304458,-0.663095,0.738651,-0.117356,0.0898751,0.550032,0.780514,-0.283171,-0.644952,0.695253,0.240459,0.206975,-0.453137,0.565662,0.505526,-0.468121,-0.374492,0.445589,0.750083,-0.313978,0.028067,-0.576903,0.757001,-0.305523,0.44031,-0.510477,-0.349953,0.65044,0.132995,0.722751,-0.0720463,-0.674354,0,0,0,0,0.0383478,0.614315,0.747047,-0.251132,-0.468182,0.454104,-0.294878,0.698313,0.149358,0.68148,0.0668606,0.713307,0,0,0,0,0.030482,0.0195276,0.96722,-0.251346,0,0,0,0,0,0,0,0,0,0,0,0,0,0,0,0,
0.0337911,0.0154346,0.972619,-0.229419,0.0328082,0.0156665,0.972652,-0.229403,0.0319032,0.0205514,0.962596,-0.26827,0,0,0,0,-0.0337197,-0.503001,0.797297,-0.331918,0.704307,-0.677506,0.0568164,0.204227,0.337277,-0.418001,0.638738,-0.550939,0.247301,-0.467581,0.819902,-0.219024,0.084572,0.557685,0.774655,-0.28591,0.665534,-0.656897,-0.137687,-0.326486,-0.19573,0.175555,0.716228,-0.646442,-0.0929731,0.673677,0.719815,-0.139218,0.0260034,-0.574713,0.760401,-0.301362,0.443897,-0.501724,-0.36003,0.649312,0.145772,0.721625,-0.0695566,-0.673179,0,0,0,0,0.0309272,0.616127,0.744834,-0.254271,-0.477841,0.452903,-0.29808,0.691155,0.126635,0.683733,0.0619891,0.715982,0,0,0,0,0.0319908,0.0186997,0.968113,-0.247759,0,0,0,0,0,0,0,0,0,0,0,0,0,0,0,0,
0.0369743,0.0144497,0.972276,-0.230441,0.0348027,0.0149643,0.972356,-0.230408,0.0325135,0.0194077,0.962865,-0.267313,0,0,0,0,-0.0323572,-0.504495,0.795883,-0.333179,0.698426,-0.680306,0.047821,0.217023,0.101136,-0.0678055,0.728016,-0.67466,0.0288917,-0.681278,0.722662,-0.113073,0.0841875,0.556576,0.775173,-0.286777,0.66668,-0.65018,-0.0868651,-0.353919,-0.361838,0.496353,0.625139,-0.481569,-0.416701,0.29345,0.825969,-0.240881,0.0267907,-0.574985,0.759503,-0.303034,0.44627,-0.499899,-0.36408,0.64683,0.171011,0.718885,-0.0826169,-0.668681,0,0,0,0,0.0348531,0.615691,0.745529,-0.252777,-0.4762,0.449597,-0.305206,0.691336,0.153053,0.680436,0.0656499,0.713632,0,0,0,0,0.0326004,0.0176917,0.968162,-0.247561,0,0,0,0,0,0,0,0,0,0,0,0,0,0,0,0,
0.0403339,0.0135479,0.969048,-0.243178,0.0367923,0.0144365,0.969189,-0.243127,0.0320311,0.0161561,0.956439,-0.289718,0,0,0,0,-0.0432639,-0.472303,0.811314,-0.341801,0.718822,-0.664488,0.0479376,0.198625,0.088007,-0.0653681,0.742563,-0.660744,-0.0251774,0.713119,-0.695209,0.0866686,0.0991079,0.532299,0.78746,-0.294521,0.657409,-0.639663,-0.183225,-0.353656,-0.426761,0.463482,0.600942,-0.491862,-0.381088,0.471642,0.740007,-0.29106,0.0190723,-0.571889,0.758565,-0.311702,0.457673,-0.499474,-0.367087,0.637422,0.126673,0.724118,-0.0659175,-0.674731,0,0,0,0,0.0474958,0.61117,0.746655,-0.258304,-0.481668,0.449564,-0.313764,0.683696,0.140083,0.680322,0.0615372,0.716765,0,0,0,0,0.0324268,0.0155116,0.962996,-0.267108,0,0,0,0,0,0,0,0,0,0,0,0,0,0,0,0,
0.0377255,0.0135679,0.969471,-0.241906,0.0350113,0.0142451,0.969573,-0.241867,0.0312652,0.0157773,0.95797,-0.284722,0,0,0,0,-0.0427399,-0.470651,0.812569,-0.341163,0.714982,-0.666573,0.0393814,0.207197,0.0739086,-0.0526087,0.743124,-0.662975,0.132972,0.687681,-0.668228,0.250766,0.0975975,0.53312,0.787215,-0.294195,0.673816,-0.645183,-0.118852,-0.339979,-0.387449,0.4679,0.625423,-0.489694,-0.31872,0.481797,0.777206,-0.249478,0.0187124,-0.571379,0.759817,-0.309603,0.459943,-0.501785,-0.366753,0.634158,0.129864,0.723474,-0.0724851,-0.674142,0,0,0,0,0.0451183,0.612446,0.745555,-0.258886,-0.482665,0.455088,-0.311518,0.680357,0.136566,0.681289,0.0670929,0.716026,0,0,0,0,0.0316598,0.0155026,0.963376,-0.265826,0,0,0,0,0,0,0,0,0,0,0,0,0,0,0,0,
0.0356208,0.00998782,0.968317,-0.24697,0.047003,0.00708347,0.967831,-0.24707,0.0588558,0.0056827,0.957495,-0.282326,0,0,0,0,0.00909302,-0.571741,0.715407,-0.401526,0.746655,-0.634808,0.154419,0.125222,0.129986,-0.0976545,0.745419,-0.646466,-0.0499509,0.715651,-0.687257,0.114135,0.0792583,0.596915,0.73087,-0.321308,0.685048,-0.624565,-0.237095,-0.290539,-0.421441,0.475162,0.609791,-0.474092,-0.391455,0.468781,0.721592,-0.326057,0.00976461,-0.580948,0.752384,-0.31036,0.484816,-0.491174,-0.382046,0.614608,0.142833,0.733263,-0.0826036,-0.659621,0,0,0,0,0.0461853,0.599935,0.754118,-0.263155,-0.498407,0.454361,-0.330284,0.660348,0.153312,0.894635,0.0173362,0.419313,0,0,0,0,0.0589917,0.00459072,0.962815,-0.263604,0,0,0,0,0,0,0,0,0,0,0,0,0,0,0,0,
0.0389487,0.010708,0.96731,-0.250361,0.0459882,0.00888549,0.967,-0.250432,0.0535629,0.0103575,0.95621,-0.287554,0,0,0,0,-0.0134956,-0.531062,0.757086,-0.380278,0.740165,-0.644783,0.129435,0.140207,0.137055,-0.103762,0.740656,-0.649521,-0.058561,0.72183,-0.680298,0.112813,0.0973452,0.557367,0.763363,-0.311679,0.700294,-0.640163,-0.149968,-0.27801,-0.307007,0.413545,0.674685,-0.528704,-0.201744,0.437346,0.865912,-0.134999,0.00989198,-0.577055,0.753878,-0.313971,0.485222,-0.489634,-0.385001,0.613671,0.143778,0.731412,-0.0817413,-0.661576,0,0,0,0,0.0518635,0.60153,0.752499,-0.263091,-0.497621,0.446826,-0.337769,0.662293,0.155857,0.667766,0.0727482,0.724227,0,0,0,0,0.0536115,0.00874681,0.961778,-0.26839,0,0,0,0,0,0,0,0,0,0,0,0,0,0,0,0,
0.0406227,0.0116746,0.966294,-0.253948,0.0447811,0.0105815,0.96611,-0.253996,0.0492534,0.012796,0.955591,-0.290268,0,0,0,0,-0.0230115,-0.510989,0.774326,-0.372532,0.725797,-0.656125,0.186153,0.0898137,0.417723,-0.497351,0.61483,-0.447363,0.435119,-0.484141,0.59329,-0.473588,0.101874,0.546763,0.771747,-0.308347,0.699852,-0.639572,-0.145081,-0.28303,-0.32489,0.425771,0.66696,-0.518005,-0.207369,0.476338,0.845711,-0.121951,0.0102708,-0.569329,0.758516,-0.316879,0.485739,-0.487878,-0.389451,0.611851,0.149544,0.728948,-0.0832964,-0.662823,0,0,0,0,0.0581446,0.607254,0.747224,-0.263662,-0.503787,0.446718,-0.341434,0.655793,0.156055,0.669175,0.0760439,0.722544,0,0,0,0,0.049323,0.0112252,0.961128,-0.271429,0,0,0,0,0,0,0,0,0,0,0,0,0,0,0,0,
0.0479374,0.0101807,0.965821,-0.254536,0.0499508,0.00965,0.965719,-0.254556,0.0520514,0.0122513,0.955369,-0.290535,0,0,0,0,-0.0217588,-0.511134,0.774199,-0.372673,0.730053,-0.65395,0.162346,0.114088,0.428511,-0.502523,0.609611,-0.438433,0.433663,-0.504328,0.57514,-0.476239,0.104487,0.535642,0.779098,-0.308505,0.693479,-0.637176,-0.123005,-0.312992,-0.36699,0.464255,0.644675,-0.483921,-0.325338,0.423091,0.806819,-0.253364,0.0135914,-0.573029,0.75397,-0.320907,0.481367,-0.477543,-0.398005,0.617924,-0.214857,-0.631115,0.138857,0.73229,0,0,0,0,0.0636297,0.605371,0.749523,-0.260176,-0.505754,0.4532,-0.337385,0.651916,0.109263,0.915597,-0.0914014,-0.376017,0,0,0,0,0.0521653,0.0108103,0.960882,-0.271787,0,0,0,0,0,0,0,0,0,0,0,0,0,0,0,0,
0.0487762,0.00949148,0.965389,-0.256037,0.0500847,0.00914443,0.965322,-0.25605,0.051507,0.012051,0.955388,-0.29058,0,0,0,0,-0.021871,-0.509929,0.774646,-0.373386,0.731745,-0.65271,0.149474,0.127182,0.4189,-0.493374,0.617194,-0.447411,0.417219,-0.504122,0.568915,-0.498121,0.104012,0.536686,0.778169,-0.309197,0.672678,-0.627915,-0.159138,-0.357634,-0.434922,0.479631,0.608346,-0.459033,-0.394297,0.493437,0.706927,-0.318284,0.012847,-0.573241,0.753347,-0.322022,0.483793,-0.476294,-0.401558,0.614688,-0.215128,-0.638433,0.136635,0.72626,0,0,0,0,0.0649909,0.60292,0.751181,-0.260749,-0.49609,0.441695,-0.348877,0.661124,0.177636,0.665347,0.0738331,0.721324,0,0,0,0,0.0515757,0.0105122,0.960809,-0.272169,0,0,0,0,0,0,0,0,0,0,0,0,0,0,0,0,
0.0482878,0.00964498,0.965216,-0.256775,0.0495526,0.00930849,0.965152,-0.256787,0.0509054,0.0120959,0.955319,-0.290907,0,0,0,0,-0.0224276,-0.513837,0.771813,-0.373864,0.707437,-0.664411,0.235093,0.0531281,0.414052,-0.51253,0.604741,-0.447395,0.456748,-0.475823,0.57972,-0.478435,0.102963,0.537466,0.777013,-0.311093,0.691853,-0.632339,-0.0975211,-0.334628,-0.341889,0.436132,0.663439,-0.502741,-0.268327,0.413302,0.850351,-0.184621,0.0116114,-0.573911,0.752758,-0.322252,0.490417,-0.488407,-0.393004,0.60539,0.138721,0.730089,-0.0816523,-0.664123,0,0,0,0,0.0645619,0.601342,0.752181,-0.261618,-0.499181,0.452523,-0.341806,0.655141,0.236449,0.740171,0.0843107,0.623804,0,0,0,0,0.0509763,0.0105855,0.960717,-0.272603,0,0,0,0,0,0,0,0,0,0,0,0,0,0,0,0,
0.0495175,0.00918551,0.96486,-0.257894,0.0499799,0.00906191,0.964836,-0.257899,0.0504501,0.012004,0.95496,-0.292167,0,0,0,0,-0.0235454,-0.511419,0.77343,-0.373767,0.720973,-0.60408,-0.090548,0.32724,0.401906,-0.491898,0.633308,-0.442073,0.439084,-0.463326,0.593196,-0.490563,0.103677,0.535865,0.777899,-0.311405,0.691451,-0.634135,-0.100052,-0.331297,-0.330849,0.430361,0.667165,-0.510117,-0.230422,0.449457,0.848643,-0.157158,0.0118883,-0.573459,0.752538,-0.323558,0.487145,-0.485872,-0.39659,0.60773,0.157701,0.727247,-0.0863418,-0.66241,0,0,0,0,0.0662136,0.600651,0.752544,-0.261746,-0.49872,0.452217,-0.34246,0.655362,0.147173,0.670278,0.073937,0.723603,0,0,0,0,0.0505433,0.010562,0.960449,-0.273627,0,0,0,0,0,0,0,0,0,0,0,0,0,0,0,0,
0.0471843,0.00904113,0.964543,-0.259518,0.048542,0.00867582,0.964475,-0.259531,0.0500716,0.0115451,0.954757,-0.292913,0,0,0,0,-0.0245265,-0.508485,0.775436,-0.373551,0.70283,-0.570675,-0.166573,0.390657,0.416136,-0.499447,0.629177,-0.426051,0.44332,-0.482364,0.582688,-0.480902,0.104542,0.533721,0.779233,-0.311463,0.662313,-0.62214,-0.122733,-0.399024,-0.428932,0.467322,0.621034,-0.460374,-0.39195,0.478336,0.716521,-0.322751,0.00869917,-0.57419,0.752168,-0.323225,0.49008,-0.490931,-0.393682,0.603177,0.1352,0.730204,-0.0825054,-0.664617,0,0,0,0,0.0654469,0.598724,0.753335,-0.26407,-0.500668,0.450616,-0.345021,0.653633,0.149246,0.67003,0.0740236,0.723399,0,0,0,0,0.0501325,0.0100485,0.960205,-0.274577,0,0,0,0,0,0,0,0,0,0,0,0,0,0,0,0,
0.042259,0.0109228,0.963834,-0.262905,0.0406583,0.0113594,0.963903,-0.262887,0.0389817,0.0151285,0.953777,-0.297592,0,0,0,0,-0.0357057,-0.485925,0.791208,-0.369584,0.70461,-0.573875,-0.159121,0.385841,0.4304,-0.507899,0.619862,-0.415411,0.450675,-0.49828,0.570772,-0.472047,0.100564,0.538591,0.775131,-0.314609,0.696899,-0.632309,-0.107616,-0.320837,-0.376575,0.472628,0.643147,-0.470295,-0.329634,0.441648,0.795138,-0.253068,0.00471257,-0.568076,0.756875,-0.323121,0.489007,-0.485308,-0.399745,0.604609,0.153066,0.723003,-0.0858884,-0.668177,0,0,0,0,0.0654348,0.602989,0.748314,-0.268604,-0.50327,0.450733,-0.348223,0.649846,0.231542,0.692999,0.102135,0.675063,0,0,0,0,0.0390273,0.0135687,0.959442,-0.278862,0,0,0,0,0,0,0,0,0,0,0,0,0,0,0,0,
0.0415858,0.0108061,0.963845,-0.262977,0.0407465,0.0110351,0.963881,-0.262967,0.0398863,0.0145178,0.953832,-0.297325,0,0,0,0,-0.0350206,-0.486638,0.790702,-0.369794,0.716833,-0.597717,-0.10338,0.343799,0.424154,-0.502248,0.621916,-0.425513,0.441485,-0.494191,0.578444,-0.475677,0.101338,0.53696,0.776305,-0.314255,0.695872,-0.633322,-0.107827,-0.320998,-0.36354,0.463143,0.64969,-0.480874,-0.309742,0.432372,0.811115,-0.243325,0.0039059,-0.568918,0.756393,-0.32278,0.492848,-0.497147,-0.391264,0.597376,0.126005,0.727287,-0.0886897,-0.668813,0,0,0,0,0.064833,0.602182,0.748859,-0.269043,-0.501973,0.448911,-0.349645,0.651345,0.161856,0.672495,0.0772343,0.718044,0,0,0,0,0.0399816,0.0131589,0.959418,-0.278827,0,0,0,0,0,0,0,0,0,0,0,0,0,0,0,0,
0.0443342,0.00963399,0.963708,-0.263077,0.0428325,0.0100439,0.963775,-0.263061,0.0413155,0.0138874,0.953845,-0.297119,0,0,0,0,-0.0339561,-0.489463,0.788722,-0.370393,0.720551,-0.596585,-0.0980879,0.339517,0.425269,-0.496953,0.625608,-0.425204,0.442938,-0.489377,0.576234,-0.481945,0.102213,0.535265,0.777386,-0.314191,0.695003,-0.63383,-0.108518,-0.321642,-0.417676,0.505459,0.615102,-0.437843,-0.39764,0.422142,0.78518,-0.217189,0.00547569,-0.56963,0.755353,-0.323935,0.484911,-0.484932,-0.401208,0.607235,-0.213787,-0.682036,0.130833,0.687026,0,0,0,0,0.0675651,0.600947,0.750244,-0.267267,-0.50287,0.453502,-0.347087,0.648836,0.23665,0.726514,0.0933705,0.638323,0,0,0,0,0.0414029,0.0125235,0.959379,-0.278785,0,0,0,0,0,0,0,0,0,0,0,0,0,0,0,0,
0.045747,0.00917545,0.963716,-0.262821,0.0453457,0.00928489,0.963735,-0.262817,0.0449117,0.0123464,0.954054,-0.295991,0,0,0,0,-0.0312858,-0.492132,0.787145,-0.370445,0.725448,-0.659184,0.102416,0.169447,0.0244762,-0.00894337,0.745152,-0.666385,-0.216925,-0.634915,0.686642,-0.279909,0.105071,0.529245,0.781962,-0.312083,0.69176,-0.634346,-0.106839,-0.328114,-0.379973,0.479341,0.63782,-0.468016,-0.373887,0.364618,0.81893,-0.237942,0.00610639,-0.570127,0.754882,-0.324148,0.485343,-0.48649,-0.400363,0.6062,-0.213397,-0.690521,0.129505,0.678875,0,0,0,0,0.0689263,0.600173,0.751203,-0.26596,-0.492483,0.438749,-0.358571,0.660595,0.172979,0.668112,0.0630822,0.72092,0,0,0,0,0.0450547,0.011216,0.959443,-0.278052,0,0,0,0,0,0,0,0,0,0,0,0,0,0,0,0,
0.0464253,0.00867758,0.963764,-0.262543,0.0458928,0.00882264,0.963789,-0.262538,0.0452122,0.0114268,0.954362,-0.29499,0,0,0,0,-0.0298084,-0.494281,0.785335,-0.371547,0.722958,-0.578595,-0.118716,0.358422,0.42555,-0.494985,0.634096,-0.414512,0.452863,-0.482335,0.557594,-0.501354,0.104169,0.531019,0.780702,-0.312525,0.691931,-0.635644,-0.11583,-0.322137,-0.382267,0.480956,0.635555,-0.467571,-0.36938,0.350024,0.836025,-0.205194,0.00649919,-0.570737,0.75443,-0.324118,0.487642,-0.490377,-0.397704,0.602965,0.145822,0.726933,-0.0861005,-0.665501,0,0,0,0,0.0696002,0.600017,0.751513,-0.265261,-0.494938,0.445311,-0.354021,0.656813,0.171127,0.668587,0.0723416,0.720051,0,0,0,0,0.0454067,0.0105364,0.959652,-0.277299,0,0,0,0,0,0,0,0,0,0,0,0,0,0,0,0,
0.0521905,0.00660397,0.963471,-0.262593,0.0502858,0.00712307,0.963573,-0.26258,0.0480832,0.00990642,0.95434,-0.29466,0,0,0,0,-0.0270205,-0.499379,0.781265,-0.373519,0.740187,-0.629484,0.0366689,0.233513,0.435834,-0.493512,0.619298,-0.427744,0.445523,-0.492022,0.577081,-0.475816,0.105677,0.529872,0.781386,-0.312257,0.694114,-0.642516,-0.1403,-0.292736,-0.396146,0.499601,0.620956,-0.45594,-0.400156,0.332822,0.834852,-0.17924,0.00854355,-0.573048,0.751876,-0.325923,0.487328,-0.490654,-0.397695,0.603,0.145045,0.72851,-0.0852884,-0.664049,0,0,0,0,0.0752389,0.59731,0.754513,-0.261285,-0.49997,0.460739,-0.344183,0.647525,0.133557,0.978207,-0.0635746,-0.145711,0,0,0,0,0.0482941,0.0091035,0.95961,-0.277009,0,0,0,0,0,0,0,0,0,0,0,0,0,0,0,0,
0.0516086,0.00522375,0.963565,-0.262396,0.0503337,0.00557091,0.963633,-0.262389,0.0488603,0.00813252,0.954672,-0.293509,0,0,0,0,-0.0243882,-0.503734,0.777372,-0.375966,0.736054,-0.645483,0.146491,0.141829,0.432111,-0.498384,0.614223,-0.433157,0.454161,-0.480431,0.591107,-0.462079,0.104386,0.532657,0.779186,-0.313447,0.693916,-0.643232,-0.150755,-0.286367,-0.398093,0.501361,0.618861,-0.455158,-0.42406,0.307984,0.831156,-0.185738,0.00836566,-0.57444,0.751064,-0.325348,0.489508,-0.493977,-0.39452,0.600602,0.145597,0.728999,-0.0917997,-0.662522,0,0,0,0,0.074965,0.597015,0.754643,-0.261662,-0.498645,0.463243,-0.344899,0.646377,0.12573,0.672337,0.0749206,0.725632,0,0,0,0,0.0491165,0.00759354,0.959823,-0.276169,0,0,0,0,0,0,0,0,0,0,0,0,0,0,0,0,
0.0505472,0.00509241,0.963855,-0.261539,0.0513898,0.00486374,0.96381,-0.261543,0.0521499,0.00657486,0.954693,-0.292914,0,0,0,0,-0.0242235,-0.502226,0.78051,-0.371466,0.713477,-0.64483,0.268851,0.053515,0.430044,-0.497871,0.60168,-0.452955,0.460407,-0.466963,0.597126,-0.461965,0.1097,0.520592,0.788728,-0.307991,0.699999,-0.633823,-0.135506,-0.299845,-0.0807334,0.063731,0.758658,-0.643319,0.0752381,0.653338,0.722944,-0.211757,0.00853129,-0.575098,0.750935,-0.324477,0.486126,-0.492399,-0.395067,0.604274,0.145041,0.73131,-0.0857912,-0.660899,0,0,0,0,0.0731708,0.597218,0.754535,-0.262017,-0.493794,0.45893,-0.348026,0.651482,0.214219,0.658051,0.112036,0.713111,0,0,0,0,0.0523903,0.00599068,0.959888,-0.275381,0,0,0,0,0,0,0,0,0,0,0,0,0,0,0,0,
0.0513557,0.00380856,0.964305,-0.259737,0.0509292,0.00392345,0.964328,-0.259735,0.0503812,0.00609899,0.955386,-0.290967,0,0,0,0,-0.0246926,-0.503576,0.780754,-0.369086,0.722706,-0.646137,0.230387,0.084409,0.423015,-0.488779,0.612383,-0.455127,0.456545,-0.453673,0.609967,-0.462264,0.107241,0.520758,0.789026,-0.307812,0.699383,-0.626701,-0.196348,-0.282058,-0.462804,0.495511,0.588833,-0.439951,-0.460891,0.485463,0.633038,-0.388803,0.0109514,-0.576064,0.750447,-0.323822,0.488731,-0.499809,-0.387417,0.601033,0.112019,0.741012,-0.0775836,-0.657521,0,0,0,0,0.0726094,0.59771,0.754657,-0.260697,-0.489561,0.458256,-0.348273,0.655009,0.227964,0.693838,0.100236,0.675703,0,0,0,0,0.0505688,0.00540866,0.96052,-0.273523,0,0,0,0,0,0,0,0,0,0,0,0,0,0,0,0,
0.0520391,0.00363448,0.964518,-0.258812,0.050706,0.0039922,0.964589,-0.258807,0.0492151,0.00660796,0.95548,-0.290846,0,0,0,0,-0.0265236,-0.501419,0.783512,-0.366038,0.715634,-0.644289,0.264578,0.0525192,0.442305,-0.507906,0.596182,-0.436995,0.47443,-0.473933,0.595805,-0.441951,0.10742,0.520573,0.789891,-0.305838,-0.679851,0.649379,0.298798,0.163797,-0.374422,0.502287,0.611456,-0.483361,-0.435705,0.279384,0.825045,-0.22673,0.012863,-0.575764,0.750597,-0.323934,0.483554,-0.50273,-0.385438,0.604049,0.125737,0.731704,-0.0866449,-0.664298,0,0,0,0,0.0722108,0.598947,0.753927,-0.260081,-0.48592,0.46143,-0.343282,0.65812,0.138291,0.670901,0.069963,0.725171,0,0,0,0,0.0493463,0.00569258,0.960723,-0.273027,0,0,0,0,0,0,0,0,0,0,0,0,0,0,0,0,
0.0453439,0.00600065,0.967366,-0.24922,0.0365459,0.00826654,0.967738,-0.249155,0.0273395,0.0141315,0.96116,-0.274272,0,0,0,0,-0.0496473,-0.455107,0.830808,-0.316498,0.716911,-0.638817,-0.00495409,0.279153,0.426975,-0.497146,0.608819,-0.447076,0.462242,-0.460632,0.605515,-0.455524,0.0992177,0.510089,0.808183,-0.277137,0.693057,-0.639825,-0.145372,-0.298602,-0.188733,0.170977,0.730783,-0.633327,-0.101832,0.685315,0.71312,-0.106927,0.0172466,-0.574038,0.755414,-0.315487,0.473293,-0.509061,-0.378417,0.611271,0.123479,0.723089,-0.0872491,-0.674005,0,0,0,0,0.0596052,0.605014,0.750833,-0.258178,-0.477938,0.456355,-0.339866,0.669183,0.16063,0.67876,0.0677134,0.713371,0,0,0,0,0.0271955,0.0123855,0.965435,-0.258925,0,0,0,0,0,0,0,0,0,0,0,0,0,0,0,0,
0.0461077,0.00963841,0.967249,-0.249421,0.0426544,0.0105288,0.967407,-0.249385,0.038702,0.0135132,0.958946,-0.280611,0,0,0,0,-0.0426394,-0.46593,0.821054,-0.32705,0.717331,-0.659397,0.0606994,0.216671,0.125357,-0.0925932,0.7414,-0.652716,0.06611,-0.689583,0.715535,-0.0900769,0.109151,0.504279,0.810266,-0.277953,0.688329,-0.62831,-0.106277,-0.346604,-0.421769,0.501127,0.616404,-0.43707,-0.446527,0.429535,0.708487,-0.337876,0.0158984,-0.574018,0.755096,-0.316357,0.45146,-0.524541,-0.368447,0.620715,0.124197,0.7275,-0.0878841,-0.669025,0,0,0,0,0.0601548,0.609029,0.747769,-0.2575,-0.459331,0.453299,-0.330967,0.688474,0.228674,0.665366,0.0866473,0.705328,0,0,0,0,0.0388343,0.0124544,0.963829,-0.263382,0,0,0,0,0,0,0,0,0,0,0,0,0,0,0,0,
0.0455947,0.00934151,0.968263,-0.245563,0.0465429,0.00910103,0.968218,-0.245572,0.0473492,0.0108165,0.959467,-0.277604,0,0,0,0,-0.03166,-0.473909,0.814572,-0.332988,0.722397,-0.660584,0.155077,0.133127,0.112441,-0.0865164,0.725497,-0.673443,0.0689978,-0.658843,0.746125,-0.0668107,0.111778,0.501069,0.812682,-0.27565,0.676448,-0.652052,-0.120482,-0.320517,-0.429255,0.464528,0.599714,-0.490201,-0.358637,0.502852,0.741944,-0.260843,0.0174963,-0.577688,0.753338,-0.313771,0.443401,-0.52384,-0.368542,0.627029,0.133611,0.731363,-0.0844061,-0.663425,0,0,0,0,0.0563197,0.608214,0.749394,-0.255564,-0.460767,0.469671,-0.317693,0.68277,0.157242,0.668937,0.0771336,0.722391,0,0,0,0,0.0474905,0.00970402,0.964518,-0.259531,0,0,0,0,0,0,0,0,0,0,0,0,0,0,0,0,
0.0418515,0.00990678,0.969064,-0.243033,0.0430323,0.00961062,0.969012,-0.243045,0.0441126,0.0112941,0.960312,-0.275186,0,0,0,0,-0.0303616,-0.476204,0.812301,-0.335374,0.723997,-0.659017,0.162543,0.122902,0.0896974,-0.0664052,0.728302,-0.676107,0.0616798,-0.643291,0.7617,-0.0467453,0.105339,0.512447,0.805131,-0.279402,0.689412,-0.640145,-0.109563,-0.320813,-0.405994,0.4717,0.622542,-0.474457,-0.335944,0.435355,0.818919,-0.164256,0.0171784,-0.577523,0.754858,-0.31042,0.442053,-0.525293,-0.366408,0.628014,0.128557,0.729952,-0.0828318,-0.66617,0,0,0,0,0.0517685,0.609451,0.748554,-0.256038,-0.459998,0.468456,-0.317516,0.684203,0.216678,0.635403,0.113356,0.732437,0,0,0,0,0.0442247,0.0101035,0.965349,-0.25699,0,0,0,0,0,0,0,0,0,0,0,0,0,0,0,0,
0.0278279,0.0144286,0.971536,-0.234807,0.0259823,0.0148746,0.971588,-0.234779,0.0242719,0.0191803,0.963812,-0.264784,0,0,0,0,-0.0428421,-0.499601,0.803407,-0.321093,0.7202,-0.661436,0.190475,0.0867983,-0.155733,0.137335,-0.707831,0.675175,0.0885489,-0.629775,0.767948,-0.076151,0.0814512,0.547272,0.782308,-0.286099,0.706967,-0.640896,-0.16821,-0.247295,-0.137147,0.127603,0.736181,-0.650342,-0.0968309,0.673476,0.732152,-0.0317259,0.0140357,-0.574729,0.761846,-0.298465,0.429574,-0.522276,-0.364726,0.640054,-0.200227,-0.678838,0.129032,0.694578,0,0,0,0,0.035683,0.614549,0.744644,-0.257997,-0.460135,0.466124,-0.316414,0.686211,0.149841,0.685852,0.0656029,0.70912,0,0,0,0,0.0241869,0.0172161,0.968494,-0.24726,0,0,0,0,0,0,0,0,0,0,0,0,0,0,0,0,
0.0152734,0.0221624,0.969888,-0.242058,0.000105974,0.0259446,0.970009,-0.241682,-0.0160417,0.0326647,0.961646,-0.27187,0,0,0,0,-0.0981581,-0.488287,0.821916,-0.276396,0.711564,-0.676405,0.0702709,0.176675,0.194531,-0.174051,0.707603,-0.656629,0.112688,-0.622113,0.766858,-0.11048,0.0705343,0.560063,0.773783,-0.287427,0.704611,-0.635208,-0.239618,-0.20644,-0.0096029,0.013986,0.734435,-0.678467,0.238318,0.511818,0.736997,-0.371593,-0.002723,-0.567639,0.768349,-0.295666,0.414519,-0.544989,-0.345302,0.641816,-0.129244,-0.697725,0.0967813,0.697932,0,0,0,0,0.0353627,0.625083,0.732453,-0.267459,-0.442976,0.484494,-0.303886,0.690428,0.133009,0.70667,0.0647631,0.691905,0,0,0,0,-0.0160904,0.0308657,0.966384,-0.254737,0,0,0,0,0,0,0,0,0,0,0,0,0,0,0,0,
0.0388416,0.017788,0.969751,-0.24033,0.0332132,0.0191824,0.96996,-0.240223,0.0267658,0.0227967,0.961362,-0.273032,0,0,0,0,-0.0727946,-0.529927,0.796448,-0.282043,0.721617,-0.661611,0.187722,0.0793776,0.197094,-0.181237,0.698467,-0.663664,0.113772,-0.624095,0.765185,-0.109783,0.0987419,0.466881,0.836138,-0.270453,0.698797,-0.653214,-0.129999,-0.26095,-0.388926,0.511719,0.617404,-0.453533,-0.39906,0.484407,0.661565,-0.410405,0.00515419,-0.587275,0.749924,-0.304459,0.410225,-0.546357,-0.341485,0.645443,0.12702,0.718482,-0.0885952,-0.678086,0,0,0,0,0.0474157,0.603994,0.754413,-0.252597,-0.429675,0.489907,-0.296847,0.698034,0.121801,0.687268,0.0628614,0.713355,0,0,0,0,0.0269744,0.0215681,0.966418,-0.254646,0,0,0,0,0,0,0,0,0,0,0,0,0,0,0,0,
0.0168153,0.0182997,0.971953,-0.233857,0.0103805,0.0198475,0.972043,-0.233731,0.00321132,0.0238163,0.963562,-0.266404,0,0,0,0,-0.0756159,-0.443754,0.849788,-0.274272,0.696471,-0.687957,0.0850075,0.185516,0.0864579,-0.0690636,0.716646,-0.688603,0.0409197,-0.637583,0.766265,-0.0682044,0.0819509,0.50168,0.819332,-0.265135,0.676061,-0.675751,-0.198346,-0.216703,-0.480816,0.604297,0.518932,-0.36654,-0.502029,0.241265,0.805944,-0.200531,0.00213524,-0.583128,0.758124,-0.291899,0.397242,-0.551326,-0.33048,0.654997,0.119761,0.710211,-0.0841075,-0.688609,0,0,0,0,0.0277528,0.616895,0.741479,-0.262446,-0.414047,0.489188,-0.288341,0.711421,0.127467,0.69628,0.0553937,0.704186,0,0,0,0,0.00322084,0.022253,0.968502,-0.247988,0,0,0,0,0,0,0,0,0,0,0,0,0,0,0,0,
0.0299067,0.0149777,0.972537,-0.230331,0.0228855,0.01664,0.972728,-0.230217,0.0151704,0.0207237,0.964476,-0.26292,0,0,0,0,-0.0613093,-0.496691,0.81532,-0.29119,0.709872,-0.675736,0.105299,0.16845,0.114403,-0.115655,0.720292,-0.674326,-0.0211295,-0.616911,0.760928,-0.199907,0.0812546,0.510227,0.810522,-0.275899,0.693971,-0.652209,-0.158625,-0.260511,-0.0638652,0.0573702,0.738768,-0.66847,-0.0374853,0.689757,0.722452,-0.02989,0.00836819,-0.597091,0.745663,-0.295633,0.400536,-0.546811,-0.330403,0.656812,0.100374,0.717532,-0.0678386,-0.685908,0,0,0,0,0.0322278,0.605892,0.753532,-0.253072,-0.402075,0.50316,-0.278692,0.712387,0.0891711,0.695138,0.0474299,0.711746,0,0,0,0,0.0152027,0.0191836,0.969346,-0.244477,0,0,0,0,0,0,0,0,0,0,0,0,0,0,0,0,
0.0171298,0.0140421,0.973464,-0.227764,0.0152023,0.014493,0.973496,-0.227736,0.0133247,0.0183945,0.964772,-0.262105,0,0,0,0,-0.0609936,-0.498644,0.81408,-0.29139,0.709021,-0.678,0.13923,0.134983,0.143051,-0.138895,0.707452,-0.678054,0.0745702,-0.622352,0.775082,-0.079774,0.080015,0.522951,0.802744,-0.275177,0.687504,-0.657624,-0.174422,-0.253863,-0.284082,0.372803,0.669281,-0.576523,-0.179006,0.393595,0.899393,-0.0642765,0.00746626,-0.593294,0.75112,-0.289421,0.384332,-0.55397,-0.313892,0.668489,0.100101,0.716472,-0.0683203,-0.687008,0,0,0,0,0.0209841,0.612058,0.746442,-0.260324,-0.38362,0.502871,-0.265947,0.72748,0.0973896,0.695307,0.0447413,0.710676,0,0,0,0,0.013206,0.0164399,0.969776,-0.243086,0,0,0,0,0,0,0,0,0,0,0,0,0,0,0,0,
0.0196197,0.0161574,0.973433,-0.227559,0.0160133,0.0170003,0.973499,-0.227497,0.0120927,0.0205844,0.964599,-0.262637,0,0,0,0,-0.060499,-0.513031,0.803581,-0.295629,-0.67003,0.672217,-0.311999,0.0428921,0.398581,-0.49498,0.571872,-0.518739,0.365297,-0.460943,0.748901,-0.305347,0.0763619,0.538013,0.791091,-0.280869,0.693655,-0.651769,-0.22133,-0.212256,-0.372917,0.472517,0.62437,-0.497817,-0.363417,0.320467,0.856345,-0.178615,0.0129845,-0.585499,0.756107,-0.292104,0.369645,-0.560939,-0.302917,0.675981,0.0924379,0.716266,-0.0632627,-0.688778,0,0,0,0,0.0223414,0.61955,0.740406,-0.259726,-0.369028,0.498002,-0.253872,0.742538,0.119266,0.694191,0.0469352,0.708288,0,0,0,0,0.0120848,0.0188987,0.969687,-0.243319,0,0,0,0,0,0,0,0,0,0,0,0,0,0,0,0,
0.031471,0.00906533,0.975487,-0.217606,0.0473963,0.00551067,0.974843,-0.217725,0.0638845,0.00183397,0.966102,-0.250126,0,0,0,0,-0.0189057,-0.569315,0.762471,-0.306857,-0.170078,-0.0843072,0.733153,-0.653033,0.372539,-0.532928,0.65666,-0.3821,0.440061,-0.504991,0.512769,-0.537027,0.112778,0.47791,0.833818,-0.252251,0.66087,-0.667159,-0.109748,-0.325738,-0.412241,0.458415,0.596558,-0.51384,-0.32232,0.519089,0.758128,-0.227813,0.0249412,-0.605731,0.739522,-0.292533,0.35498,-0.56266,-0.28893,0.68842,0.0940039,0.739954,-0.0560082,-0.663698,0,0,0,0,0.0194388,0.606504,0.754893,-0.248822,-0.345664,0.511039,-0.234027,0.75139,0.0816964,0.67264,0.0405668,0.734326,0,0,0,0,0.0641222,0.00135277,0.970686,-0.231636,0,0,0,0,0,0,0,0,0,0,0,0,0,0,0,0,
0.0321686,0.00685581,0.974189,-0.223324,0.0478023,0.00327008,0.973547,-0.223405,0.0646515,0.00209738,0.965333,-0.252878,0,0,0,0,-0.0207123,-0.568096,0.763612,-0.306162,-0.609116,0.613525,-0.474138,0.166608,0.3914,-0.520336,0.620217,-0.437478,0.431571,-0.489904,0.588534,-0.476832,0.115118,0.472686,0.836659,-0.25163,0.690783,-0.660115,-0.219893,-0.196759,-0.0505541,0.0406429,0.716302,-0.694769,-0.0194821,0.679036,0.732579,-0.0431134,0.0209607,-0.609965,0.734429,-0.296847,0.357614,-0.558718,-0.284444,0.692126,0.0875163,0.741258,-0.0527889,-0.663394,0,0,0,0,0.0221771,0.600182,0.758438,-0.253104,-0.332687,0.504149,-0.231673,0.762549,0.125752,0.667807,0.049098,0.73199,0,0,0,0,0.0646191,0.000455725,0.970246,-0.233339,0,0,0,0,0,0,0,0,0,0,0,0,0,0,0,0,
0.0369771,0.00567255,0.97485,-0.219698,0.0522363,0.00223193,0.974152,-0.21976,0.0684432,0.000982529,0.964661,-0.254449,0,0,0,0,-0.0173027,-0.593076,0.74176,-0.312656,-0.614032,0.566912,-0.53049,0.141972,0.379251,-0.516335,0.586708,-0.495318,0.408581,-0.468514,0.64645,-0.442334,0.115429,0.482844,0.829128,-0.257071,0.681916,-0.652481,-0.131881,-0.303094,-0.25145,0.25979,0.699349,-0.616598,-0.149647,0.622308,0.763608,-0.0850969,0.025968,-0.614234,0.730481,-0.297389,0.347826,-0.561148,-0.275548,0.698715,0.0844743,0.742576,-0.0500591,-0.662524,0,0,0,0,0.0224694,0.599227,0.760698,-0.248518,-0.323333,0.508519,-0.220652,0.766927,0.0957498,0.669258,0.0395106,0.735774,0,0,0,0,0.0685,-0.000353557,0.96974,-0.234335,0,0,0,0,0,0,0,0,0,0,0,0,0,0,0,0,
0.0360003,0.00742446,0.975103,-0.218686,0.0511582,0.00402311,0.974425,-0.218775,0.0671192,0.00244975,0.96515,-0.252932,0,0,0,0,-0.0137663,-0.597955,0.735921,-0.317302,0.543996,-0.51741,0.615176,-0.240654,0.363195,-0.554035,0.570579,-0.485361,0.461102,-0.425346,0.663275,-0.408083,0.110026,0.494307,0.82137,-0.262502,0.704205,-0.644338,-0.130978,-0.267897,0.0420041,0.00371944,0.749494,-0.660666,0.24992,0.596266,0.729836,-0.22214,0.025463,-0.612649,0.732391,-0.296001,0.344537,-0.560013,-0.274835,0.701531,0.080181,0.742114,-0.0446211,-0.663963,0,0,0,0,0.0218435,0.602367,0.758456,-0.247834,-0.319198,0.504641,-0.21601,0.772522,0.0963665,0.670116,0.0371207,0.735037,0,0,0,0,0.0671679,0.00105832,0.970044,-0.233456,0,0,0,0,0,0,0,0,0,0,0,0,0,0,0,0,
0.00672998,0.0177796,0.978124,-0.20715,0.00515036,0.0181141,0.978134,-0.207121,0.00326132,0.0208878,0.969513,-0.244127,0,0,0,0,-0.0626421,-0.421046,0.868524,-0.253894,-0.697733,0.68318,-0.205618,-0.0644607,0.397642,-0.523354,0.599942,-0.456126,0.426514,-0.484212,0.630145,-0.431906,0.0692234,0.474173,0.8426,-0.245751,0.689705,-0.596284,0.0294437,-0.409738,-0.395063,0.495433,0.643829,-0.4289,-0.558299,0.242214,0.738931,-0.289164,0.0210951,-0.585261,0.76308,-0.273373,0.293635,-0.578625,-0.237349,0.722936,0.0774383,0.716812,-0.0453085,-0.69147,0,0,0,0,0.00127659,0.633904,0.730478,-0.254099,-0.284698,0.497948,-0.182331,0.798593,0.0987197,0.697254,0.031022,0.709316,0,0,0,0,0.00317383,0.0189817,0.974048,-0.225522,0,0,0,0,0,0,0,0,0,0,0,0,0,0,0,0,
0.0113568,0.0167621,0.980083,-0.197553,0.00994272,0.0170471,0.980098,-0.197529,0.00889573,0.0226049,0.973344,-0.228061,0,0,0,0,-0.038328,-0.49096,0.823942,-0.280374,-0.683449,0.644999,-0.339727,0.0382074,0.372719,-0.440414,0.598862,-0.555411,0.26585,-0.54683,0.74014,-0.287218,0.0496482,0.529961,0.803408,-0.266855,0.687733,-0.629463,-0.0203691,-0.361089,-0.0874136,0.0924336,0.773711,-0.620634,-0.0836171,0.677759,0.730093,0.0248057,0.0301986,-0.594889,0.756124,-0.271057,0.288698,-0.582079,-0.233576,0.723381,0.0745092,0.718456,-0.0446552,-0.690127,0,0,0,0,-0.00590644,0.629873,0.736427,-0.246782,-0.273637,0.496545,-0.171994,0.805595,0.0885406,0.697134,0.0276213,0.710916,0,0,0,0,0.00870578,0.019925,0.977547,-0.209593,0,0,0,0,0,0,0,0,0,0,0,0,0,0,0,0,
0.00576747,0.0197952,0.980212,-0.196872,0.00535232,0.0198786,0.980215,-0.196863,0.00503897,0.0242023,0.971815,-0.234444,0,0,0,0,-0.0440677,-0.483907,0.829092,-0.276584,-0.621342,0.610668,-0.468879,0.1455,0.387138,-0.51622,0.593586,-0.480933,0.410265,-0.472774,0.652922,-0.426451,0.049849,0.534772,0.800654,-0.265496,0.694711,-0.622109,-0.0152871,-0.360726,0.0411061,-0.00350252,0.782582,-0.62118,0.270461,0.55516,0.735856,-0.277784,0.027347,-0.595043,0.7568,-0.269127,0.274703,-0.587674,-0.222636,0.727744,0.0672657,0.717366,-0.0410998,-0.692223,0,0,0,0,-0.0120608,0.630996,0.734324,-0.249933,-0.255592,0.489177,-0.157252,0.818933,0.082659,0.698797,0.021864,0.710192,0,0,0,0,0.00486233,0.0211811,0.977203,-0.21119,0,0,0,0,0,0,0,0,0,0,0,0,0,0,0,0,
0.006957,0.0150972,0.98276,-0.184138,0.0120627,0.0141404,0.98271,-0.184214,0.0170754,0.0130993,0.97703,-0.212013,0,0,0,0,-0.0116995,-0.52644,0.797057,-0.295675,-0.587757,0.604543,-0.503009,0.18987,0.386685,-0.543639,0.567048,-0.483102,0.456712,-0.409162,0.706705,-0.352944,0.0371451,0.558687,0.783114,-0.270594,0.688495,-0.605203,0.027495,-0.398683,-0.277784,0.28201,0.737968,-0.546542,-0.182635,0.576127,0.796407,-0.0214059,0.0383507,-0.604828,0.750764,-0.262805,0.264341,-0.589137,-0.211185,0.733786,0.062095,0.721903,-0.0383728,-0.688134,0,0,0,0,-0.0216381,0.628686,0.738456,-0.242835,-0.234903,0.488757,-0.142299,0.828063,0.0717721,0.695722,0.0187576,0.714471,0,0,0,0,0.0172791,0.012865,0.980267,-0.196499,0,0,0,0,0,0,0,0,0,0,0,0,0,0,0,0,
-0.000942058,0.0213266,0.983178,-0.1814,0.00699007,0.0198624,0.983153,-0.181567,0.0146921,0.0171986,0.976424,-0.214672,0,0,0,0,-0.0153943,-0.520969,0.802021,-0.291749,0.567917,-0.522467,0.599681,-0.211851,-0.382414,0.571746,-0.531179,0.494686,0.429139,-0.43257,0.694709,-0.382233,0.0362815,0.559294,0.783214,-0.269163,0.717126,-0.609476,-0.332355,-0.0617217,-0.0628182,0.0911587,0.725279,-0.679496,-0.0261591,0.644716,0.763967,-0.00346179,0.0347832,-0.601079,0.755578,-0.258064,0.25333,-0.600514,-0.204361,0.730372,0.0537002,0.721337,-0.0375193,-0.689479,0,0,0,0,-0.0299955,0.633471,0.733351,-0.244972,-0.218956,0.488058,-0.120459,0.83627,0.0615931,0.697256,0.0149035,0.714015,0,0,0,0,0.0145467,0.0148872,0.980366,-0.196086,0,0,0,0,0,0,0,0,0,0,0,0,0,0,0,0,
0.00623366,0.0211258,0.984117,-0.176152,0.0112203,0.0202329,0.984072,-0.176256,0.0159824,0.020271,0.976924,-0.212021,0,0,0,0,-0.00671302,-0.543563,0.785326,-0.296239,0.59527,-0.538733,0.566381,-0.186098,0.395622,-0.529875,0.581266,-0.474179,0.44019,-0.445632,0.677913,-0.384809,0.0278384,0.578194,0.768523,-0.27256,0.70108,-0.655806,-0.164316,-0.226728,-0.336414,0.32596,0.654897,-0.593031,-0.259889,0.396131,0.879603,-0.0428529,0.0442723,-0.60218,0.753653,-0.259664,0.234582,-0.605772,-0.188901,0.736429,0.0578652,0.721513,-0.0403006,-0.688801,0,0,0,0,-0.0301434,0.635009,0.734101,-0.238643,-0.207453,0.577767,-0.0808751,0.785244,0.0468257,0.697348,0.0118706,0.715103,0,0,0,0,0.0160084,0.0182867,0.981134,-0.191797,0,0,0,0,0,0,0,0,0,0,0,0,0,0,0,0,
0.00922519,0.0209994,0.985228,-0.169703,0.0180441,0.0194795,0.985106,-0.169884,0.0268625,0.0195041,0.977657,-0.20757,0,0,0,0,0.00438386,-0.563316,0.771402,-0.295963,0.59428,-0.536455,0.570422,-0.183484,0.392727,-0.522852,0.59793,-0.463541,0.459546,-0.420444,0.677883,-0.390537,0.0334245,0.578612,0.771312,-0.263,0.754223,-0.609577,-0.10855,-0.218588,-0.238993,0.249309,0.744729,-0.571057,-0.154614,0.613458,0.774286,-0.0156481,0.0508605,-0.604911,0.751657,-0.25789,0.221427,-0.608747,-0.176484,0.741114,0.0520957,0.727877,-0.0370163,-0.682723,0,0,0,0,-0.0332485,0.636485,0.734383,-0.233373,-0.198686,0.62618,-0.0572758,0.75176,0.0377936,0.691695,0.013846,0.721067,0,0,0,0,0.0269921,0.0177324,0.98188,-0.18673,0,0,0,0,0,0,0,0,0,0,0,0,0,0,0,0,
0.00599481,0.0201653,0.98704,-0.159091,0.0170876,0.018376,0.98691,-0.159308,0.0286192,0.018481,0.982696,-0.182067,0,0,0,0,0.0368221,-0.620096,0.723689,-0.300667,0.580031,-0.538835,0.573495,-0.210535,0.386821,-0.510063,0.622921,-0.449639,0.451813,-0.401721,0.702753,-0.374998,0.000639498,0.640956,0.722101,-0.260279,0.755624,-0.599122,-0.0778349,-0.253034,0.0239054,-0.0349991,0.799523,-0.599139,0.275386,0.610342,0.694389,-0.263571,0.0568367,-0.60697,0.75233,-0.249714,0.189762,-0.652315,-0.143668,0.719607,0.0383349,0.728241,-0.0330359,-0.68345,0,0,0,0,-0.0420236,0.639888,0.732462,-0.228642,-0.175217,0.674505,-0.0337013,0.716385,0.030086,0.69211,0.0168055,0.720969,0,0,0,0,0.0286288,0.0166904,0.985371,-0.167169,0,0,0,0,0,0,0,0,0,0,0,0,0,0,0,0,
-0.00417859,0.0133083,0.994849,-0.100407,0.0053072,0.0123503,0.994843,-0.100529,0.0149863,0.0151076,0.989979,-0.139604,0,0,0,0,0.0370503,-0.677078,0.703162,-0.213905,-0.638339,0.642291,-0.410603,0.106726,0.379116,-0.519068,0.635535,-0.427709,0.508083,-0.378151,0.655579,-0.411181,-0.0308586,0.748373,0.641829,-0.164441,0.726599,-0.559076,0.0721056,-0.392796,-0.515114,0.47996,0.615057,-0.354966,-0.537284,0.433456,0.65489,-0.307507,0.0918931,-0.614271,0.756529,-0.204674,0.121964,-0.697133,-0.0655051,0.703448,0.0501823,0.721943,-0.0407505,-0.688926,0,0,0,0,-0.081482,0.660678,0.719576,-0.197674,-0.101965,0.700838,0.0378536,0.70498,0.00291166,0.69851,0.0163704,0.715407,0,0,0,0,0.0150279,0.013038,0.992808,-0.118054,0,0,0,0,0,0,0,0,0,0,0,0,0,0,0,0,
0.012986,0.00892805,0.995596,-0.0924169,0.017741,0.00848654,0.995522,-0.0924584,0.0222382,0.00607414,0.991654,-0.126852,0,0,0,0,-0.0758317,0.808619,-0.560109,0.16329,0.760126,-0.610677,0.0559325,0.214836,0.421999,-0.474483,0.648516,-0.419773,0.448436,-0.438383,0.662377,-0.409856,-0.0469703,0.811503,0.567826,-0.12973,0.741009,-0.615135,-0.0881461,-0.25445,0.0203473,-0.0255501,0.785306,-0.618246,-0.046162,0.681391,0.728008,0.0598342,0.111327,-0.614902,0.752048,-0.209583,-0.0877709,0.712135,0.0307611,-0.695854,0.0381763,0.726717,-0.0391001,-0.68476,0,0,0,0,-0.0769865,0.663172,0.720977,-0.185656,-0.0479553,0.695445,0.0202341,0.716692,-0.00951064,0.692725,0.0180524,0.720914,0,0,0,0,0.0224436,0.00617623,0.994151,-0.105457,0,0,0,0,0,0,0,0,0,0,0,0,0,0,0,0,
0.0160675,0.00557048,0.995944,-0.088351,0.0223824,0.00501014,0.995822,-0.0883845,0.0286681,0.00416833,0.99166,-0.125582,0,0,0,0,-0.0789438,0.7991,-0.570968,0.170889,-0.691986,0.629642,-0.352522,0.0208546,0.372323,-0.47919,0.650859,-0.456219,0.451711,-0.368729,0.700748,-0.411033,-0.0408409,0.800605,0.583837,-0.128443,0.741456,-0.567353,0.0414883,-0.355854,-0.502161,0.501097,0.612189,-0.349229,-0.526912,0.467825,0.619215,-0.346519,0.11679,-0.617337,0.74957,-0.208326,-0.0845318,0.713993,0.0249336,-0.694583,0.0324712,0.729557,-0.0416938,-0.681875,0,0,0,0,-0.0772743,0.663301,0.721699,-0.182239,-0.0429817,0.693926,0.021183,0.718451,-0.00817508,0.689546,0.0161614,0.724016,0,0,0,0,0.0289457,0.00494931,0.994082,-0.104587,0,0,0,0,0,0,0,0,0,0,0,0,0,0,0,0,
0.0203348,0.00282794,0.996448,-0.0816756,0.0275846,0.00223358,0.996273,-0.0816941,0.0349061,0.00238864,0.991701,-0.12371,0,0,0,0,-0.0799656,0.79193,-0.579228,0.175922,-0.667159,0.617437,-0.411421,0.0663521,0.371834,-0.484212,0.642881,-0.462582,0.451539,-0.35357,0.724823,-0.381749,-0.0325225,0.784021,0.606602,-0.127624,0.73856,-0.60777,-0.0364282,-0.289512,-9.01829e-005,-0.0215098,0.800344,-0.599155,-0.10469,0.682495,0.718327,0.0851264,0.125154,-0.617836,0.748443,-0.206031,-0.0784115,0.717159,0.0169126,-0.692278,-0.0371884,-0.66317,0.0460783,0.746123,0,0,0,0,-0.0785386,0.665838,0.720595,-0.176734,-0.0351296,0.69156,0.0238421,0.72107,-0.00796108,0.686239,0.0139538,0.727198,0,0,0,0,0.035278,0.00400685,0.994041,-0.103062,0,0,0,0,0,0,0,0,0,0,0,0,0,0,0,0,
0.0226973,7.62743e-005,0.996859,-0.07587,0.029507,-0.000442053,0.996681,-0.0758688,0.0363782,-0.000376462,0.992142,-0.119707,0,0,0,0,-0.0833669,0.776369,-0.598396,0.179508,-0.603129,0.590706,-0.51102,0.161743,0.397326,-0.529522,0.610284,-0.435077,0.514623,-0.359753,0.6971,-0.346111,-0.0333623,0.78454,0.606619,-0.124088,0.748679,-0.566886,0.0387468,-0.341495,-0.474425,0.493809,0.63176,-0.363253,-0.525078,0.424536,0.648601,-0.351253,0.131135,-0.620716,0.745713,-0.203538,-0.072151,0.719086,0.0109699,-0.691078,0.0464089,0.734647,-0.024329,-0.676423,0,0,0,0,-0.0808838,0.66536,0.721805,-0.172483,-0.0278806,0.690359,0.0273444,0.722413,0.0209392,0.685608,0.0146598,0.727522,0,0,0,0,0.0368836,0.00267943,0.994367,-0.0993349,0,0,0,0,0,0,0,0,0,0,0,0,0,0,0,0,
0.0228327,-0.00104915,0.997468,-0.0673445,0.0306179,-0.00157478,0.997259,-0.0673342,0.0386757,-0.000250701,0.993089,-0.110804,0,0,0,0,-0.0851991,0.765217,-0.612353,0.179466,0.725193,-0.613425,0.31235,0.0155657,0.401746,-0.471441,0.657625,-0.428805,0.438732,-0.423985,0.670302,-0.422428,-0.0310902,0.765799,0.630231,-0.124073,0.745873,-0.610782,-0.0923017,-0.249198,-0.0485952,0.028035,0.786774,-0.614687,-0.0870873,0.676787,0.730216,0.0340409,0.137581,-0.624384,0.742663,-0.199168,-0.065419,0.719774,0.00359157,-0.69111,0.0436388,0.734585,-0.0440055,-0.67568,0,0,0,0,-0.0877718,0.664498,0.722846,-0.168024,-0.0197782,0.690555,0.0322455,0.72229,0.0198221,0.68423,0.0157602,0.728826,0,0,0,0,0.0389615,0.00142558,0.994851,-0.0935486,0,0,0,0,0,0,0,0,0,0,0,0,0,0,0,0,
0.02644,-0.00205298,0.997696,-0.0624382,0.0294446,-0.00224101,0.997612,-0.0624317,0.0325419,-0.000582692,0.993062,-0.112996,0,0,0,0,-0.0692776,0.738697,-0.647695,0.173258,-0.698018,0.613264,-0.36761,0.039247,0.423584,-0.495904,0.63328,-0.416668,0.470158,-0.426049,0.672486,-0.381046,-0.023251,0.75225,0.646689,-0.123986,0.7507,-0.607572,-0.102908,-0.23815,-0.476062,0.513575,0.60991,-0.370966,-0.527271,0.444166,0.633472,-0.351305,0.143212,-0.625432,0.741056,-0.197894,-0.0585275,0.722811,-0.0015805,-0.688561,0.0232408,0.732058,-0.0386569,-0.679747,0,0,0,0,-0.0886722,0.665748,0.722672,-0.163286,-0.013038,0.688095,0.0366253,0.724578,0.00923135,0.686697,0.0137323,0.726756,0,0,0,0,0.0328207,0.000935167,0.9953,-0.0911032,0,0,0,0,0,0,0,0,0,0,0,0,0,0,0,0,
0.0288974,-0.0016764,0.997967,-0.0567801,0.0296037,-0.00171658,0.997946,-0.0567789,0.0303194,-0.000186883,0.993754,-0.107395,0,0,0,0,-0.0649701,0.727139,-0.662369,0.168272,-0.700451,0.616097,-0.359211,0.0275694,0.433643,-0.502265,0.621052,-0.417108,0.481927,-0.424147,0.674181,-0.365139,-0.0217728,0.74212,0.658618,-0.122499,0.750155,-0.57397,0.00100387,-0.328366,-0.466391,0.48109,0.639513,-0.376902,-0.478253,0.468495,0.633663,-0.387631,0.148465,-0.624998,0.741005,-0.195568,-0.0523005,0.725071,-0.00412242,-0.686673,0.0343487,0.730889,-0.0412489,-0.680383,0,0,0,0,-0.0908761,0.66834,0.721063,-0.158527,-0.00902302,0.686338,0.0404875,0.726099,0.0211893,0.680153,0.0137273,0.732636,0,0,0,0,0.0305621,0.00118106,0.995742,-0.0869562,0,0,0,0,0,0,0,0,0,0,0,0,0,0,0,0,
0.0257778,-0.00427619,0.998227,-0.0534789,0.0290119,-0.00444944,0.998138,-0.0534647,0.0324674,-0.00206737,0.994163,-0.102871,0,0,0,0,-0.0654338,0.724349,-0.666926,0.162009,-0.702662,0.614601,-0.358214,0.0146556,0.413566,-0.485126,0.62989,-0.443683,0.457377,-0.410282,0.689103,-0.384204,-0.0191211,0.740104,0.662655,-0.113002,0.74489,-0.54967,0.0904602,-0.367176,-0.458501,0.469019,0.653592,-0.377645,-0.4832,0.443142,0.639838,-0.400937,0.149185,-0.627442,0.739867,-0.191459,-0.0479343,0.723086,-0.00708451,-0.689057,0.035555,0.731764,-0.0416104,-0.679357,0,0,0,0,-0.0944081,0.667487,0.721376,-0.158637,-0.00377421,0.688628,0.0440863,0.723764,0.00495352,0.687281,0.000141583,0.726375,0,0,0,0,0.0326891,-0.000596996,0.996246,-0.080159,0,0,0,0,0,0,0,0,0,0,0,0,0,0,0,0,
0.0220165,-0.00415237,0.99852,-0.0495504,0.0273043,-0.00441473,0.99839,-0.0495277,0.0327542,-0.00301048,0.994388,-0.10055,0,0,0,0,-0.0637703,0.719051,-0.673512,0.158998,0.709341,-0.617399,0.340074,-0.0016978,0.402859,-0.475578,0.639855,-0.449573,0.434285,-0.414833,0.698243,-0.389573,-0.0168283,0.736624,0.667191,-0.109355,0.746116,-0.572431,0.0228629,-0.33928,-0.466952,0.486416,0.636336,-0.374743,-0.478761,0.468067,0.646146,-0.366328,0.149053,-0.62948,0.739267,-0.187143,-0.0457918,0.720681,-0.00792926,-0.691707,-0.000351514,0.729821,-0.0529642,-0.681583,0,0,0,0,-0.0994295,0.666969,0.721301,-0.158084,-0.0010419,0.691327,0.0467904,0.721025,0.00542522,0.760588,0.0200877,0.648901,0,0,0,0,0.0330713,-0.000558907,0.996441,-0.0775349,0,0,0,0,0,0,0,0,0,0,0,0,0,0,0,0,
0.0232415,-0.00464278,0.99877,-0.0435499,0.0281143,-0.00485521,0.998645,-0.0435268,0.0331913,-0.00341287,0.995002,-0.0941123,0,0,0,0,-0.0647639,0.712362,-0.680908,0.157195,0.711552,-0.619002,0.332419,0.00528227,0.443855,-0.503938,0.612316,-0.417263,0.490677,-0.434151,0.655206,-0.376104,-0.0170826,0.733299,0.67127,-0.106666,0.744914,-0.577009,0.00542766,-0.334865,-0.485153,0.491729,0.62286,-0.367253,-0.499909,0.468967,0.634814,-0.356612,0.153584,-0.631036,0.737805,-0.183982,-0.0429549,0.721735,-0.011152,-0.690745,0.0113957,0.731037,-0.0489409,-0.680485,0,0,0,0,-0.102698,0.667551,0.721244,-0.153741,0.00174113,0.690395,0.049153,0.721759,0.0369612,0.6234,0.0251224,0.780625,0,0,0,0,0.0334555,-0.00109212,0.996674,-0.0743063,0,0,0,0,0,0,0,0,0,0,0,0,0,0,0,0,
0.0217175,-0.00507955,0.998936,-0.0403616,0.0273367,-0.00530653,0.998798,-0.0403324,0.0330679,-0.00567725,0.99541,-0.0896272,0,0,0,0,-0.0661585,0.706608,-0.687157,0.155381,0.711853,-0.620086,0.32972,0.00656214,0.445538,-0.505737,0.610961,-0.415273,0.491013,-0.435561,0.657504,-0.369975,-0.0183257,0.73015,0.67497,-0.104697,0.744495,-0.574618,0.0132155,-0.339656,-0.458318,0.475955,0.643666,-0.386142,-0.477946,0.445238,0.659788,-0.371498,0.155077,-0.631032,0.738222,-0.181047,-0.0429212,0.720667,-0.0100726,-0.691879,0.0176372,0.730633,-0.0517518,-0.680578,0,0,0,0,-0.105614,0.668538,0.720084,-0.152912,0.00367905,0.691452,0.0511772,0.720598,0.0331977,0.654323,0.0231705,0.75513,0,0,0,0,0.0333872,-0.00229794,0.996906,-0.0711294,0,0,0,0,0,0,0,0,0,0,0,0,0,0,0,0,
0.0265211,-0.00381458,0.998913,-0.0381463,0.0297479,-0.00393779,0.998822,-0.0381338,0.0331238,-0.00308507,0.99565,-0.0870361,0,0,0,0,-0.0663178,0.70648,-0.68854,0.149668,0.712451,-0.620868,0.326879,0.00929357,0.410697,-0.482044,0.634711,-0.442836,0.45258,-0.409944,0.69157,-0.385809,-0.0189794,0.730664,0.67523,-0.0991655,0.749962,-0.603152,-0.0781598,-0.260107,-0.47531,0.50296,0.614212,-0.379284,-0.507632,0.448429,0.651655,-0.341418,0.159074,-0.630322,0.737645,-0.182398,-0.0403426,0.724239,-0.0125688,-0.688253,-0.0348649,-0.697724,0.0498764,0.713778,0,0,0,0,-0.104512,0.670049,0.71972,-0.148707,0.00541808,0.687984,0.052518,0.723803,0.0305866,0.649365,0.0201242,0.759595,0,0,0,0,0.0331898,-0.00250986,0.997249,-0.0662255,0,0,0,0,0,0,0,0,0,0,0,0,0,0,0,0,
0.0248399,-0.00471885,0.999045,-0.0356465,0.0285346,-0.00485065,0.998946,-0.0356288,0.0324545,-0.00360189,0.996109,-0.0818567,0,0,0,0,-0.0673101,0.71247,-0.683576,0.143453,0.710706,-0.620725,0.331012,0.0053124,0.423595,-0.491236,0.624909,-0.434445,0.470076,-0.414574,0.681332,-0.378079,-0.0212717,0.733534,0.672758,-0.0941933,0.74329,-0.585653,-0.0199949,-0.322693,-0.453101,0.471893,0.642669,-0.39874,-0.469658,0.441353,0.668335,-0.371425,0.159329,-0.633142,0.735765,-0.179985,-0.0391366,0.723126,-0.0135787,-0.689473,0.0409438,0.753575,-0.0493668,-0.654226,0,0,0,0,-0.107202,0.668206,0.721203,-0.147898,0.00572337,0.689163,0.0526996,0.722665,-0.0124337,0.68563,0.00921868,0.727786,0,0,0,0,0.0324702,-0.00333893,0.997585,-0.0613046,0,0,0,0,0,0,0,0,0,0,0,0,0,0,0,0,
0.024129,-0.00539894,0.999122,-0.0338066,0.028264,-0.00553881,0.999014,-0.0337839,0.0326993,-0.00373655,0.996205,-0.0805761,0,0,0,0,-0.0657589,0.7123,-0.684828,0.138983,-0.662666,0.61605,-0.41934,0.0742276,0.352217,-0.472978,0.655193,-0.472184,0.442407,-0.334676,0.729384,-0.400334,-0.0194147,0.731828,0.675272,-0.0897717,0.740649,-0.550876,0.0971169,-0.372214,-0.481861,0.476947,0.637235,-0.36642,-0.508485,0.432963,0.66038,-0.343343,0.159722,-0.635788,0.733732,-0.178605,-0.0386433,0.722654,-0.0152986,-0.68996,0.0434034,0.730571,-0.0586517,-0.678927,0,0,0,0,-0.10901,0.666216,0.722968,-0.146934,0.00778778,0.68962,0.052823,0.722201,-0.00242247,0.685425,0.0150106,0.727985,0,0,0,0,0.0326523,-0.00405382,0.997745,-0.0585004,0,0,0,0,0,0,0,0,0,0,0,0,0,0,0,0,
0.0226131,-0.00489507,0.999178,-0.0332918,0.0277447,-0.00506599,0.999049,-0.0332662,0.0332194,-0.00274799,0.996259,-0.0797267,0,0,0,0,-0.0637834,0.708734,-0.689284,0.136069,-0.646008,0.609985,-0.447726,0.100667,0.378242,-0.497925,0.634803,-0.453903,0.492748,-0.335167,0.708781,-0.377482,-0.0166726,0.728266,0.679609,-0.0865018,0.736435,-0.547086,0.108957,-0.382739,-0.475202,0.469854,0.644302,-0.371881,-0.493434,0.433662,0.673101,-0.339699,0.159056,-0.636606,0.733337,-0.177904,-0.0389457,0.721615,-0.0155106,-0.691024,0.0429872,0.730459,-0.0644021,-0.678553,0,0,0,0,-0.11078,0.665503,0.723244,-0.147486,0.0081375,0.69073,0.0521198,0.721186,-0.00862123,0.684298,0.015717,0.728982,0,0,0,0,0.0330971,-0.00402426,0.997826,-0.0568452,0,0,0,0,0,0,0,0,0,0,0,0,0,0,0,0,
0.0239244,-0.00464271,0.999233,-0.0306432,0.0292673,-0.00480651,0.999091,-0.030618,0.0352047,0.00286681,0.996707,-0.0729953,0,0,0,0,0.0616948,-0.696053,0.701309,-0.140959,-0.667047,0.619562,-0.408777,0.0639758,0.383874,-0.494974,0.635439,-0.451507,0.499623,-0.32731,0.711609,-0.369943,-0.0160235,0.714386,0.69431,-0.0856103,0.725113,-0.550794,0.104416,-0.399917,-0.489504,0.485485,0.628384,-0.360311,-0.502357,0.464105,0.641354,-0.347718,0.161831,-0.636444,0.733041,-0.177201,-0.038721,0.722561,-0.0163126,-0.690029,0.0540938,0.815146,-0.056173,-0.573982,0,0,0,0,-0.112045,0.666412,0.722639,-0.145372,0.00848955,0.689779,0.0521266,0.722091,-0.00271172,0.682951,0.0180502,0.730236,0,0,0,0,0.0349713,-0.0009058,0.997948,-0.0536265,0,0,0,0,0,0,0,0,0,0,0,0,0,0,0,0,
0.0228631,-0.00631108,0.999285,-0.029442,0.028198,-0.00646818,0.999149,-0.0294079,0.0342279,0.00217136,0.996751,-0.07288,0,0,0,0,0.0600139,-0.691168,0.706815,-0.138193,-0.658183,0.61135,-0.43228,0.0786133,0.37508,-0.488367,0.632458,-0.469903,0.478282,-0.323696,0.728017,-0.369403,-0.0154417,0.71268,0.696245,-0.0842148,0.724276,-0.549184,0.10824,-0.402623,-0.459323,0.467643,0.651375,-0.382156,-0.471268,0.444825,0.669987,-0.362153,0.162684,-0.637207,0.732531,-0.175784,-0.0391685,0.721746,-0.0173457,-0.690832,0.0508155,0.790482,-0.0570052,-0.607706,0,0,0,0,-0.113388,0.665958,0.722759,-0.145817,0.0100395,0.690449,0.0518965,0.721447,-0.00422196,0.683166,0.0209471,0.72995,0,0,0,0,0.0339733,-0.00168722,0.998039,-0.0525376,0,0,0,0,0,0,0,0,0,0,0,0,0,0,0,0,
0.0207228,-0.00622007,0.999351,-0.0288063,0.0268678,-0.00639709,0.999205,-0.0287675,0.0336968,0.00199244,0.996792,-0.0725641,0,0,0,0,0.0579199,-0.685206,0.713258,-0.135649,-0.692027,0.623295,-0.363888,0.0136584,0.376937,-0.472929,0.640632,-0.473124,0.457268,-0.334152,0.73365,-0.375508,-0.0136665,0.709457,0.699752,-0.0826523,0.723892,-0.548612,0.110289,-0.403536,-0.483906,0.482265,0.633241,-0.363676,-0.501426,0.457899,0.639171,-0.361056,0.161969,-0.637895,0.732376,-0.174592,-0.0390204,0.72028,-0.0173078,-0.692369,0.0503975,0.74452,-0.0608071,-0.662912,0,0,0,0,-0.115515,0.665322,0.722808,-0.146803,0.0109361,0.691975,0.0522031,0.719949,0.032213,0.676901,0.0348282,0.734544,0,0,0,0,0.033451,-0.00173611,0.998093,-0.0518472,0,0,0,0,0,0,0,0,0,0,0,0,0,0,0,0,
0.0231855,-0.00634874,0.99931,-0.0283079,0.02762,-0.00647429,0.999197,-0.0282794,0.032712,0.00185893,0.996845,-0.0722963,0,0,0,0,0.055929,-0.681915,0.717061,-0.132994,0.709567,-0.626989,0.32054,0.0255567,0.42579,-0.496527,0.614829,-0.440625,0.500108,-0.373303,0.697487,-0.352205,-0.0126804,0.706129,0.703222,-0.0818515,0.732535,-0.556513,0.0928598,-0.380871,-0.490966,0.474319,0.630572,-0.36926,-0.505085,0.452828,0.639924,-0.361018,0.16444,-0.636578,0.732704,-0.175705,-0.0390653,0.721977,-0.0170998,-0.690601,0.0506967,0.788859,-0.0573432,-0.60979,0,0,0,0,-0.114536,0.66651,0.722106,-0.145636,0.010315,0.690205,0.0518311,0.721681,0.0348633,0.756814,0.0290516,0.652053,0,0,0,0,0.0324652,-0.00184327,0.998158,-0.051224,0,0,0,0,0,0,0,0,0,0,0,0,0,0,0,0,
0.023621,-0.00683335,0.999322,-0.0274158,0.0283181,-0.00696214,0.9992,-0.0273833,0.0335917,0.000379086,0.997106,-0.0681948,0,0,0,0,0.059873,-0.679431,0.718928,-0.13391,0.711465,-0.628686,0.312266,0.0325702,0.397801,-0.477257,0.63409,-0.460336,0.465814,-0.358263,0.719355,-0.370396,-0.0133361,0.70411,0.705055,-0.0833525,0.728787,-0.557299,0.0905127,-0.387421,-0.468333,0.469631,0.643676,-0.381827,-0.47963,0.44897,0.659997,-0.364396,0.165508,-0.636477,0.73266,-0.175252,-0.0387321,0.722286,-0.0171861,-0.690296,0.0548878,0.819675,-0.0682052,-0.566099,0,0,0,0,-0.114762,0.666875,0.72185,-0.145051,0.0103917,0.689867,0.0514709,0.72203,0.0341901,0.7339,0.0296073,0.67775,0,0,0,0,0.0334292,-0.00216455,0.998254,-0.0486546,0,0,0,0,0,0,0,0,0,0,0,0,0,0,0,0,
0.0228071,-0.00683654,0.999333,-0.0276908,0.0278276,-0.00697558,0.999206,-0.0276561,0.0333915,-0.000514713,0.997076,-0.0687266,0,0,0,0,0.0585669,-0.68295,0.716163,-0.131372,-0.695385,0.626399,-0.352165,0.00664141,0.374191,-0.470422,0.643164,-0.474367,0.450629,-0.344016,0.725739,-0.389731,-0.014297,0.707377,0.702257,-0.0790508,0.727808,-0.555234,0.092659,-0.391696,-0.488752,0.482199,0.629048,-0.364562,-0.500933,0.46411,0.636235,-0.358988,0.164724,-0.636954,0.732472,-0.175044,-0.039044,0.721704,-0.0173814,-0.690882,0.04425,0.731005,-0.0643667,-0.677887,0,0,0,0,-0.115134,0.66634,0.722173,-0.145607,0.0111133,0.690441,0.051346,0.721479,0.0303002,0.656077,0.0332924,0.75335,0,0,0,0,0.0332233,-0.00291005,0.998277,-0.0482855,0,0,0,0,0,0,0,0,0,0,0,0,0,0,0,0,
0.0232454,-0.00521496,0.999379,-0.0259826,0.0275378,-0.00532651,0.999269,-0.0259599,0.0322945,0.00276569,0.997627,-0.0607512,0,0,0,0,0.0678638,-0.665231,0.731136,-0.135287,-0.686378,0.624453,-0.371792,0.0267043,0.40344,-0.496983,0.623084,-0.449455,0.496048,-0.362482,0.692868,-0.377462,-0.0228955,0.690886,0.71731,-0.087279,0.731331,-0.566404,0.0582584,-0.375429,-0.476034,0.47406,0.63585,-0.379939,-0.483121,0.461088,0.646998,-0.367948,0.16551,-0.637255,0.732126,-0.174652,-0.03876,0.722095,-0.0174357,-0.690487,0.0449357,0.730812,-0.0661658,-0.677877,0,0,0,0,-0.116524,0.666557,0.722087,-0.143923,0.0111207,0.69019,0.0513156,0.721721,0.0304843,0.657527,0.0335848,0.752065,0,0,0,0,0.0321902,0.00022682,0.998615,-0.0416132,0,0,0,0,0,0,0,0,0,0,0,0,0,0,0,0,
0.023538,-0.00560036,0.999364,-0.0262089,0.0275713,-0.0057061,0.99926,-0.0261861,0.031961,-0.000129054,0.997356,-0.0652653,0,0,0,0,0.0635652,-0.668797,0.728816,-0.132274,0.735442,-0.62139,0.260912,0.0701805,0.431031,-0.478478,0.629178,-0.435208,0.45568,-0.439178,0.660248,-0.404415,-0.0189183,0.694859,0.713929,-0.0843776,0.739675,-0.612718,-0.0365819,-0.275897,0.0241239,-0.0730345,0.800012,-0.595034,-0.105201,0.682836,0.719454,0.0710901,0.165715,-0.637444,0.731837,-0.174982,-0.0388791,0.722276,-0.0177269,-0.690283,0.0462537,0.730793,-0.065368,-0.677886,0,0,0,0,-0.116225,0.66627,0.722377,-0.144037,0.0110703,0.689964,0.0510753,0.721955,0.00730496,0.68261,0.0342946,0.729941,0,0,0,0,0.0319484,-0.000863258,0.998545,-0.0434443,0,0,0,0,0,0,0,0,0,0,0,0,0,0,0,0,
